Date,Time,PM25
12/31/2023,24:00 AM,1.7
1/1/2024,1:00 AM,1.4
1/1/2024,2:00 AM,1.3
1/1/2024,3:00 AM,1.2
1/1/2024,4:00 AM,0.7
1/1/2024,5:00 AM,1.1
1/1/2024,6:00 AM,1.2
1/1/2024,7:00 AM,1.2
1/1/2024,8:00 AM,1.0
1/1/2024,9:00 AM,1.3
1/1/2024,10:00 AM,1.1
1/1/2024,11:00 AM,1.3
1/1/2024,12:00 PM,1.3
1/1/2024,1:00 PM,1.5
1/1/2024,2:00 PM,1.7
1/1/2024,3:00 PM,2.1
1/1/2024,4:00 PM,2.3
1/1/2024,5:00 PM,2.7
1/1/2024,6:00 PM,2.1
1/1/2024,7:00 PM,2.2
1/1/2024,8:00 PM,1.9
1/1/2024,9:00 PM,1.9
1/1/2024,10:00 PM,1.8
1/1/2024,11:00 PM,1.2
1/1/2024,24:00 AM,2.2
1/2/2024,1:00 AM,1.6
1/2/2024,2:00 AM,1.3
1/2/2024,3:00 AM,1.5
1/2/2024,4:00 AM,2.0
1/2/2024,5:00 AM,1.3
1/2/2024,6:00 AM,2.0
1/2/2024,7:00 AM,2.4
1/2/2024,8:00 AM,2.0
1/2/2024,9:00 AM,2.9
1/2/2024,10:00 AM,4.1
1/2/2024,11:00 AM,5.0
1/2/2024,12:00 PM,7.1
1/2/2024,1:00 PM,7.0
1/2/2024,2:00 PM,6.2
1/2/2024,3:00 PM,6.3
1/2/2024,4:00 PM,5.1
1/2/2024,5:00 PM,6.7
1/2/2024,6:00 PM,7.8
1/2/2024,7:00 PM,9.2
1/2/2024,8:00 PM,7.7
1/2/2024,9:00 PM,6.5
1/2/2024,10:00 PM,4.1
1/2/2024,11:00 PM,4.4
1/2/2024,24:00 AM,9.1
1/3/2024,1:00 AM,13.2
1/3/2024,2:00 AM,7.6
1/3/2024,3:00 AM,5.3
1/3/2024,4:00 AM,5.2
1/3/2024,5:00 AM,2.7
1/3/2024,6:00 AM,2.8
1/3/2024,7:00 AM,5.1
1/3/2024,8:00 AM,5.2
1/3/2024,9:00 AM,5.1
1/3/2024,10:00 AM,6.5
1/3/2024,11:00 AM,6.5
1/3/2024,12:00 PM,6.3
1/3/2024,1:00 PM,5.5
1/3/2024,2:00 PM,5.8
1/3/2024,3:00 PM,5.6
1/3/2024,4:00 PM,5.5
1/3/2024,5:00 PM,4.1
1/3/2024,6:00 PM,3.3
1/3/2024,7:00 PM,6.0
1/3/2024,8:00 PM,5.6
1/3/2024,9:00 PM,3.9
1/3/2024,10:00 PM,6.6
1/3/2024,11:00 PM,9.7
1/3/2024,24:00 AM,8.4
1/4/2024,1:00 AM,6.5
1/4/2024,2:00 AM,4.7
1/4/2024,3:00 AM,4.4
1/4/2024,4:00 AM,4.3
1/4/2024,5:00 AM,3.9
1/4/2024,6:00 AM,2.9
1/4/2024,7:00 AM,2.5
1/4/2024,8:00 AM,2.7
1/4/2024,9:00 AM,2.3
1/4/2024,10:00 AM,2.4
1/4/2024,11:00 AM,3.5
1/4/2024,12:00 PM,4.6
1/4/2024,1:00 PM,6.1
1/4/2024,2:00 PM,9.0
1/4/2024,3:00 PM,10.6
1/4/2024,4:00 PM,13.5
1/4/2024,5:00 PM,
1/4/2024,6:00 PM,19.1
1/4/2024,7:00 PM,16.3
1/4/2024,8:00 PM,11.9
1/4/2024,9:00 PM,10.8
1/4/2024,10:00 PM,8.9
1/4/2024,11:00 PM,7.1
1/4/2024,24:00 AM,6.6
1/5/2024,1:00 AM,5.7
1/5/2024,2:00 AM,5.8
1/5/2024,3:00 AM,5.9
1/5/2024,4:00 AM,5.2
1/5/2024,5:00 AM,4.6
1/5/2024,6:00 AM,4.5
1/5/2024,7:00 AM,4.4
1/5/2024,8:00 AM,5.2
1/5/2024,9:00 AM,7.3
1/5/2024,10:00 AM,9.5
1/5/2024,11:00 AM,10.7
1/5/2024,12:00 PM,14.5
1/5/2024,1:00 PM,18.0
1/5/2024,2:00 PM,18.5
1/5/2024,3:00 PM,18.5
1/5/2024,4:00 PM,18.0
1/5/2024,5:00 PM,20.4
1/5/2024,6:00 PM,20.4
1/5/2024,7:00 PM,18.6
1/5/2024,8:00 PM,19.3
1/5/2024,9:00 PM,19.1
1/5/2024,10:00 PM,17.8
1/5/2024,11:00 PM,17.8
1/5/2024,24:00 AM,19.9
1/6/2024,1:00 AM,20.0
1/6/2024,2:00 AM,14.5
1/6/2024,3:00 AM,5.3
1/6/2024,4:00 AM,2.8
1/6/2024,5:00 AM,2.3
1/6/2024,6:00 AM,1.9
1/6/2024,7:00 AM,1.8
1/6/2024,8:00 AM,1.3
1/6/2024,9:00 AM,1.2
1/6/2024,10:00 AM,1.1
1/6/2024,11:00 AM,0.8
1/6/2024,12:00 PM,0.9
1/6/2024,1:00 PM,1.2
1/6/2024,2:00 PM,1.4
1/6/2024,3:00 PM,1.2
1/6/2024,4:00 PM,0.8
1/6/2024,5:00 PM,1.0
1/6/2024,6:00 PM,1.1
1/6/2024,7:00 PM,1.0
1/6/2024,8:00 PM,0.9
1/6/2024,9:00 PM,0.9
1/6/2024,10:00 PM,1.0
1/6/2024,11:00 PM,1.3
1/6/2024,24:00 AM,1.5
1/7/2024,1:00 AM,1.4
1/7/2024,2:00 AM,1.5
1/7/2024,3:00 AM,2.5
1/7/2024,4:00 AM,2.3
1/7/2024,5:00 AM,2.8
1/7/2024,6:00 AM,1.8
1/7/2024,7:00 AM,1.9
1/7/2024,8:00 AM,1.9
1/7/2024,9:00 AM,2.7
1/7/2024,10:00 AM,3.1
1/7/2024,11:00 AM,3.1
1/7/2024,12:00 PM,2.8
1/7/2024,1:00 PM,2.5
1/7/2024,2:00 PM,2.7
1/7/2024,3:00 PM,3.4
1/7/2024,4:00 PM,4.0
1/7/2024,5:00 PM,5.5
1/7/2024,6:00 PM,6.4
1/7/2024,7:00 PM,6.8
1/7/2024,8:00 PM,5.6
1/7/2024,9:00 PM,6.7
1/7/2024,10:00 PM,9.3
1/7/2024,11:00 PM,7.3
1/7/2024,24:00 AM,6.5
1/8/2024,1:00 AM,52.2
1/8/2024,2:00 AM,40.1
1/8/2024,3:00 AM,23.4
1/8/2024,4:00 AM,18.6
1/8/2024,5:00 AM,14.3
1/8/2024,6:00 AM,7.5
1/8/2024,7:00 AM,7.7
1/8/2024,8:00 AM,6.9
1/8/2024,9:00 AM,6.4
1/8/2024,10:00 AM,6.2
1/8/2024,11:00 AM,6.4
1/8/2024,12:00 PM,5.0
1/8/2024,1:00 PM,4.4
1/8/2024,2:00 PM,4.6
1/8/2024,3:00 PM,5.9
1/8/2024,4:00 PM,6.5
1/8/2024,5:00 PM,8.0
1/8/2024,6:00 PM,9.5
1/8/2024,7:00 PM,6.9
1/8/2024,8:00 PM,5.7
1/8/2024,9:00 PM,5.8
1/8/2024,10:00 PM,6.1
1/8/2024,11:00 PM,7.0
1/8/2024,24:00 AM,8.0
1/9/2024,1:00 AM,8.0
1/9/2024,2:00 AM,8.7
1/9/2024,3:00 AM,7.7
1/9/2024,4:00 AM,7.0
1/9/2024,5:00 AM,6.2
1/9/2024,6:00 AM,5.0
1/9/2024,7:00 AM,4.0
1/9/2024,8:00 AM,2.3
1/9/2024,9:00 AM,2.1
1/9/2024,10:00 AM,2.1
1/9/2024,11:00 AM,1.7
1/9/2024,12:00 PM,1.0
1/9/2024,1:00 PM,0.8
1/9/2024,2:00 PM,0.7
1/9/2024,3:00 PM,0.5
1/9/2024,4:00 PM,0.6
1/9/2024,5:00 PM,0.6
1/9/2024,6:00 PM,0.5
1/9/2024,7:00 PM,0.3
1/9/2024,8:00 PM,0.4
1/9/2024,9:00 PM,0.5
1/9/2024,10:00 PM,0.6
1/9/2024,11:00 PM,0.5
1/9/2024,24:00 AM,0.7
1/10/2024,1:00 AM,1.1
1/10/2024,2:00 AM,1.3
1/10/2024,3:00 AM,0.7
1/10/2024,4:00 AM,0.4
1/10/2024,5:00 AM,0.3
1/10/2024,6:00 AM,0.4
1/10/2024,7:00 AM,0.3
1/10/2024,8:00 AM,0.2
1/10/2024,9:00 AM,0.2
1/10/2024,10:00 AM,0.5
1/10/2024,11:00 AM,0.6
1/10/2024,12:00 PM,0.9
1/10/2024,1:00 PM,1.0
1/10/2024,2:00 PM,0.8
1/10/2024,3:00 PM,0.8
1/10/2024,4:00 PM,0.5
1/10/2024,5:00 PM,0.7
1/10/2024,6:00 PM,1.3
1/10/2024,7:00 PM,2.6
1/10/2024,8:00 PM,1.2
1/10/2024,9:00 PM,5.3
1/10/2024,10:00 PM,1.2
1/10/2024,11:00 PM,0.6
1/10/2024,24:00 AM,0.9
1/11/2024,1:00 AM,0.8
1/11/2024,2:00 AM,1.5
1/11/2024,3:00 AM,1.5
1/11/2024,4:00 AM,1.0
1/11/2024,5:00 AM,1.3
1/11/2024,6:00 AM,1.2
1/11/2024,7:00 AM,1.3
1/11/2024,8:00 AM,1.3
1/11/2024,9:00 AM,0.8
1/11/2024,10:00 AM,0.7
1/11/2024,11:00 AM,0.6
1/11/2024,12:00 PM,0.8
1/11/2024,1:00 PM,1.1
1/11/2024,2:00 PM,1.1
1/11/2024,3:00 PM,1.5
1/11/2024,4:00 PM,1.7
1/11/2024,5:00 PM,2.1
1/11/2024,6:00 PM,2.2
1/11/2024,7:00 PM,2.3
1/11/2024,8:00 PM,2.3
1/11/2024,9:00 PM,2.3
1/11/2024,10:00 PM,1.8
1/11/2024,11:00 PM,1.4
1/11/2024,24:00 AM,1.8
1/12/2024,1:00 AM,1.8
1/12/2024,2:00 AM,2.1
1/12/2024,3:00 AM,3.1
1/12/2024,4:00 AM,3.1
1/12/2024,5:00 AM,2.4
1/12/2024,6:00 AM,2.6
1/12/2024,7:00 AM,2.8
1/12/2024,8:00 AM,3.0
1/12/2024,9:00 AM,3.4
1/12/2024,10:00 AM,3.9
1/12/2024,11:00 AM,3.1
1/12/2024,12:00 PM,3.0
1/12/2024,1:00 PM,2.4
1/12/2024,2:00 PM,2.5
1/12/2024,3:00 PM,2.9
1/12/2024,4:00 PM,4.3
1/12/2024,5:00 PM,5.4
1/12/2024,6:00 PM,6.3
1/12/2024,7:00 PM,7.2
1/12/2024,8:00 PM,6.5
1/12/2024,9:00 PM,6.1
1/12/2024,10:00 PM,6.2
1/12/2024,11:00 PM,6.8
1/12/2024,24:00 AM,6.6
1/13/2024,1:00 AM,4.9
1/13/2024,2:00 AM,3.7
1/13/2024,3:00 AM,4.0
1/13/2024,4:00 AM,4.6
1/13/2024,5:00 AM,4.9
1/13/2024,6:00 AM,4.0
1/13/2024,7:00 AM,4.0
1/13/2024,8:00 AM,3.4
1/13/2024,9:00 AM,3.0
1/13/2024,10:00 AM,2.4
1/13/2024,11:00 AM,1.8
1/13/2024,12:00 PM,2.2
1/13/2024,1:00 PM,2.2
1/13/2024,2:00 PM,2.7
1/13/2024,3:00 PM,3.4
1/13/2024,4:00 PM,4.0
1/13/2024,5:00 PM,3.7
1/13/2024,6:00 PM,3.7
1/13/2024,7:00 PM,3.9
1/13/2024,8:00 PM,3.4
1/13/2024,9:00 PM,3.1
1/13/2024,10:00 PM,4.3
1/13/2024,11:00 PM,3.2
1/13/2024,24:00 AM,2.6
1/14/2024,1:00 AM,3.2
1/14/2024,2:00 AM,3.3
1/14/2024,3:00 AM,2.5
1/14/2024,4:00 AM,3.0
1/14/2024,5:00 AM,4.7
1/14/2024,6:00 AM,2.0
1/14/2024,7:00 AM,2.1
1/14/2024,8:00 AM,1.8
1/14/2024,9:00 AM,1.4
1/14/2024,10:00 AM,1.4
1/14/2024,11:00 AM,2.3
1/14/2024,12:00 PM,2.7
1/14/2024,1:00 PM,3.3
1/14/2024,2:00 PM,4.8
1/14/2024,3:00 PM,6.4
1/14/2024,4:00 PM,5.6
1/14/2024,5:00 PM,5.3
1/14/2024,6:00 PM,4.8
1/14/2024,7:00 PM,5.6
1/14/2024,8:00 PM,5.8
1/14/2024,9:00 PM,5.5
1/14/2024,10:00 PM,5.4
1/14/2024,11:00 PM,5.7
1/14/2024,24:00 AM,5.9
1/15/2024,1:00 AM,5.6
1/15/2024,2:00 AM,5.4
1/15/2024,3:00 AM,5.6
1/15/2024,4:00 AM,5.5
1/15/2024,5:00 AM,5.5
1/15/2024,6:00 AM,6.0
1/15/2024,7:00 AM,5.6
1/15/2024,8:00 AM,6.0
1/15/2024,9:00 AM,5.8
1/15/2024,10:00 AM,5.9
1/15/2024,11:00 AM,6.2
1/15/2024,12:00 PM,
1/15/2024,1:00 PM,
1/15/2024,2:00 PM,
1/15/2024,3:00 PM,
1/15/2024,4:00 PM,
1/15/2024,5:00 PM,
1/15/2024,6:00 PM,
1/15/2024,7:00 PM,
1/15/2024,8:00 PM,
1/15/2024,9:00 PM,
1/15/2024,10:00 PM,8.0
1/15/2024,11:00 PM,8.1
1/15/2024,24:00 AM,8.0
1/16/2024,1:00 AM,8.3
1/16/2024,2:00 AM,
1/16/2024,3:00 AM,8.4
1/16/2024,4:00 AM,
1/16/2024,5:00 AM,9.3
1/16/2024,6:00 AM,
1/16/2024,7:00 AM,
1/16/2024,8:00 AM,
1/16/2024,9:00 AM,
1/16/2024,10:00 AM,
1/16/2024,11:00 AM,
1/16/2024,12:00 PM,
1/16/2024,1:00 PM,
1/16/2024,2:00 PM,
1/16/2024,3:00 PM,
1/16/2024,4:00 PM,
1/16/2024,5:00 PM,
1/16/2024,6:00 PM,
1/16/2024,7:00 PM,
1/16/2024,8:00 PM,
1/16/2024,9:00 PM,
1/16/2024,10:00 PM,4.5
1/16/2024,11:00 PM,4.4
1/16/2024,24:00 AM,4.1
1/17/2024,1:00 AM,
1/17/2024,2:00 AM,
1/17/2024,3:00 AM,
1/17/2024,4:00 AM,
1/17/2024,5:00 AM,4.7
1/17/2024,6:00 AM,4.2
1/17/2024,7:00 AM,4.1
1/17/2024,8:00 AM,3.9
1/17/2024,9:00 AM,3.6
1/17/2024,10:00 AM,3.2
1/17/2024,11:00 AM,3.0
1/17/2024,12:00 PM,3.0
1/17/2024,1:00 PM,3.2
1/17/2024,2:00 PM,3.8
1/17/2024,3:00 PM,3.9
1/17/2024,4:00 PM,
1/17/2024,5:00 PM,
1/17/2024,6:00 PM,
1/17/2024,7:00 PM,
1/17/2024,8:00 PM,
1/17/2024,9:00 PM,3.8
1/17/2024,10:00 PM,3.2
1/17/2024,11:00 PM,2.8
1/17/2024,24:00 AM,2.2
1/18/2024,1:00 AM,2.8
1/18/2024,2:00 AM,3.3
1/18/2024,3:00 AM,3.0
1/18/2024,4:00 AM,2.8
1/18/2024,5:00 AM,2.3
1/18/2024,6:00 AM,1.9
1/18/2024,7:00 AM,1.8
1/18/2024,8:00 AM,1.8
1/18/2024,9:00 AM,2.1
1/18/2024,10:00 AM,2.0
1/18/2024,11:00 AM,1.9
1/18/2024,12:00 PM,1.8
1/18/2024,1:00 PM,1.8
1/18/2024,2:00 PM,2.0
1/18/2024,3:00 PM,2.1
1/18/2024,4:00 PM,2.1
1/18/2024,5:00 PM,2.1
1/18/2024,6:00 PM,2.0
1/18/2024,7:00 PM,2.0
1/18/2024,8:00 PM,2.1
1/18/2024,9:00 PM,2.0
1/18/2024,10:00 PM,2.0
1/18/2024,11:00 PM,2.1
1/18/2024,24:00 AM,2.2
1/19/2024,1:00 AM,2.2
1/19/2024,2:00 AM,2.2
1/19/2024,3:00 AM,2.2
1/19/2024,4:00 AM,2.2
1/19/2024,5:00 AM,2.3
1/19/2024,6:00 AM,2.4
1/19/2024,7:00 AM,2.7
1/19/2024,8:00 AM,4.1
1/19/2024,9:00 AM,5.3
1/19/2024,10:00 AM,5.7
1/19/2024,11:00 AM,6.7
1/19/2024,12:00 PM,7.4
1/19/2024,1:00 PM,7.4
1/19/2024,2:00 PM,9.0
1/19/2024,3:00 PM,10.0
1/19/2024,4:00 PM,11.2
1/19/2024,5:00 PM,
1/19/2024,6:00 PM,
1/19/2024,7:00 PM,
1/19/2024,8:00 PM,
1/19/2024,9:00 PM,
1/19/2024,10:00 PM,
1/19/2024,11:00 PM,
1/19/2024,24:00 AM,10.0
1/20/2024,1:00 AM,8.7
1/20/2024,2:00 AM,
1/20/2024,3:00 AM,8.6
1/20/2024,4:00 AM,10.6
1/20/2024,5:00 AM,8.8
1/20/2024,6:00 AM,8.8
1/20/2024,7:00 AM,8.9
1/20/2024,8:00 AM,8.3
1/20/2024,9:00 AM,
1/20/2024,10:00 AM,
1/20/2024,11:00 AM,
1/20/2024,12:00 PM,
1/20/2024,1:00 PM,
1/20/2024,2:00 PM,
1/20/2024,3:00 PM,
1/20/2024,4:00 PM,
1/20/2024,5:00 PM,
1/20/2024,6:00 PM,
1/20/2024,7:00 PM,
1/20/2024,8:00 PM,
1/20/2024,9:00 PM,13.2
1/20/2024,10:00 PM,7.0
1/20/2024,11:00 PM,7.8
1/20/2024,24:00 AM,6.6
1/21/2024,1:00 AM,10.2
1/21/2024,2:00 AM,
1/21/2024,3:00 AM,
1/21/2024,4:00 AM,4.7
1/21/2024,5:00 AM,4.2
1/21/2024,6:00 AM,3.5
1/21/2024,7:00 AM,2.4
1/21/2024,8:00 AM,1.8
1/21/2024,9:00 AM,2.2
1/21/2024,10:00 AM,2.6
1/21/2024,11:00 AM,2.5
1/21/2024,12:00 PM,2.1
1/21/2024,1:00 PM,3.9
1/21/2024,2:00 PM,4.4
1/21/2024,3:00 PM,2.8
1/21/2024,4:00 PM,2.9
1/21/2024,5:00 PM,3.1
1/21/2024,6:00 PM,2.8
1/21/2024,7:00 PM,3.2
1/21/2024,8:00 PM,3.3
1/21/2024,9:00 PM,4.9
1/21/2024,10:00 PM,4.2
1/21/2024,11:00 PM,2.0
1/21/2024,24:00 AM,1.9
1/22/2024,1:00 AM,1.6
1/22/2024,2:00 AM,1.5
1/22/2024,3:00 AM,1.8
1/22/2024,4:00 AM,2.0
1/22/2024,5:00 AM,2.3
1/22/2024,6:00 AM,2.5
1/22/2024,7:00 AM,2.2
1/22/2024,8:00 AM,2.1
1/22/2024,9:00 AM,2.0
1/22/2024,10:00 AM,1.9
1/22/2024,11:00 AM,2.5
1/22/2024,12:00 PM,3.0
1/22/2024,1:00 PM,3.3
1/22/2024,2:00 PM,4.0
1/22/2024,3:00 PM,4.7
1/22/2024,4:00 PM,5.7
1/22/2024,5:00 PM,7.6
1/22/2024,6:00 PM,
1/22/2024,7:00 PM,9.3
1/22/2024,8:00 PM,9.4
1/22/2024,9:00 PM,9.3
1/22/2024,10:00 PM,8.8
1/22/2024,11:00 PM,8.3
1/22/2024,24:00 AM,8.4
1/23/2024,1:00 AM,8.0
1/23/2024,2:00 AM,8.0
1/23/2024,3:00 AM,8.9
1/23/2024,4:00 AM,9.1
1/23/2024,5:00 AM,9.5
1/23/2024,6:00 AM,9.8
1/23/2024,7:00 AM,10.0
1/23/2024,8:00 AM,10.7
1/23/2024,9:00 AM,9.9
1/23/2024,10:00 AM,9.8
1/23/2024,11:00 AM,9.0
1/23/2024,12:00 PM,8.7
1/23/2024,1:00 PM,9.5
1/23/2024,2:00 PM,11.4
1/23/2024,3:00 PM,11.9
1/23/2024,4:00 PM,11.7
1/23/2024,5:00 PM,11.4
1/23/2024,6:00 PM,11.7
1/23/2024,7:00 PM,10.8
1/23/2024,8:00 PM,10.1
1/23/2024,9:00 PM,9.1
1/23/2024,10:00 PM,8.7
1/23/2024,11:00 PM,8.1
1/23/2024,24:00 AM,8.6
1/24/2024,1:00 AM,9.5
1/24/2024,2:00 AM,10.6
1/24/2024,3:00 AM,11.6
1/24/2024,4:00 AM,12.0
1/24/2024,5:00 AM,12.1
1/24/2024,6:00 AM,11.4
1/24/2024,7:00 AM,11.0
1/24/2024,8:00 AM,12.0
1/24/2024,9:00 AM,13.4
1/24/2024,10:00 AM,15.3
1/24/2024,11:00 AM,16.0
1/24/2024,12:00 PM,16.7
1/24/2024,1:00 PM,16.5
1/24/2024,2:00 PM,18.1
1/24/2024,3:00 PM,20.1
1/24/2024,4:00 PM,23.8
1/24/2024,5:00 PM,24.7
1/24/2024,6:00 PM,24.4
1/24/2024,7:00 PM,23.1
1/24/2024,8:00 PM,22.2
1/24/2024,9:00 PM,22.0
1/24/2024,10:00 PM,20.9
1/24/2024,11:00 PM,20.2
1/24/2024,24:00 AM,19.3
1/25/2024,1:00 AM,20.8
1/25/2024,2:00 AM,21.8
1/25/2024,3:00 AM,21.6
1/25/2024,4:00 AM,19.9
1/25/2024,5:00 AM,24.1
1/25/2024,6:00 AM,25.0
1/25/2024,7:00 AM,24.1
1/25/2024,8:00 AM,22.0
1/25/2024,9:00 AM,21.8
1/25/2024,10:00 AM,20.1
1/25/2024,11:00 AM,19.0
1/25/2024,12:00 PM,20.5
1/25/2024,1:00 PM,20.7
1/25/2024,2:00 PM,20.8
1/25/2024,3:00 PM,22.5
1/25/2024,4:00 PM,20.5
1/25/2024,5:00 PM,20.7
1/25/2024,6:00 PM,19.8
1/25/2024,7:00 PM,19.7
1/25/2024,8:00 PM,18.4
1/25/2024,9:00 PM,18.8
1/25/2024,10:00 PM,19.4
1/25/2024,11:00 PM,18.2
1/25/2024,24:00 AM,17.3
1/26/2024,1:00 AM,18.9
1/26/2024,2:00 AM,16.0
1/26/2024,3:00 AM,14.2
1/26/2024,4:00 AM,15.9
1/26/2024,5:00 AM,13.2
1/26/2024,6:00 AM,11.7
1/26/2024,7:00 AM,12.1
1/26/2024,8:00 AM,12.0
1/26/2024,9:00 AM,13.1
1/26/2024,10:00 AM,12.9
1/26/2024,11:00 AM,12.5
1/26/2024,12:00 PM,
1/26/2024,1:00 PM,
1/26/2024,2:00 PM,
1/26/2024,3:00 PM,14.9
1/26/2024,4:00 PM,11.1
1/26/2024,5:00 PM,10.1
1/26/2024,6:00 PM,9.0
1/26/2024,7:00 PM,10.3
1/26/2024,8:00 PM,13.3
1/26/2024,9:00 PM,11.4
1/26/2024,10:00 PM,9.9
1/26/2024,11:00 PM,8.7
1/26/2024,24:00 AM,8.2
1/27/2024,1:00 AM,7.2
1/27/2024,2:00 AM,7.7
1/27/2024,3:00 AM,7.8
1/27/2024,4:00 AM,8.0
1/27/2024,5:00 AM,7.8
1/27/2024,6:00 AM,8.1
1/27/2024,7:00 AM,8.4
1/27/2024,8:00 AM,6.5
1/27/2024,9:00 AM,5.2
1/27/2024,10:00 AM,6.8
1/27/2024,11:00 AM,4.4
1/27/2024,12:00 PM,3.2
1/27/2024,1:00 PM,2.6
1/27/2024,2:00 PM,2.0
1/27/2024,3:00 PM,0.7
1/27/2024,4:00 PM,1.0
1/27/2024,5:00 PM,1.1
1/27/2024,6:00 PM,0.3
1/27/2024,7:00 PM,0.6
1/27/2024,8:00 PM,1.3
1/27/2024,9:00 PM,1.2
1/27/2024,10:00 PM,2.0
1/27/2024,11:00 PM,2.0
1/27/2024,24:00 AM,1.9
1/28/2024,1:00 AM,1.9
1/28/2024,2:00 AM,1.9
1/28/2024,3:00 AM,0.6
1/28/2024,4:00 AM,
1/28/2024,5:00 AM,
1/28/2024,6:00 AM,
1/28/2024,7:00 AM,
1/28/2024,8:00 AM,
1/28/2024,9:00 AM,
1/28/2024,10:00 AM,
1/28/2024,11:00 AM,1.1
1/28/2024,12:00 PM,0.7
1/28/2024,1:00 PM,0.7
1/28/2024,2:00 PM,0.6
1/28/2024,3:00 PM,0.6
1/28/2024,4:00 PM,0.5
1/28/2024,5:00 PM,0.7
1/28/2024,6:00 PM,0.3
1/28/2024,7:00 PM,0.3
1/28/2024,8:00 PM,0.6
1/28/2024,9:00 PM,0.7
1/28/2024,10:00 PM,0.5
1/28/2024,11:00 PM,0.7
1/28/2024,24:00 AM,0.9
1/29/2024,1:00 AM,0.9
1/29/2024,2:00 AM,0.9
1/29/2024,3:00 AM,1.0
1/29/2024,4:00 AM,1.1
1/29/2024,5:00 AM,0.8
1/29/2024,6:00 AM,0.9
1/29/2024,7:00 AM,1.0
1/29/2024,8:00 AM,0.6
1/29/2024,9:00 AM,0.6
1/29/2024,10:00 AM,0.8
1/29/2024,11:00 AM,1.4
1/29/2024,12:00 PM,1.2
1/29/2024,1:00 PM,1.2
1/29/2024,2:00 PM,1.0
1/29/2024,3:00 PM,1.0
1/29/2024,4:00 PM,1.2
1/29/2024,5:00 PM,1.4
1/29/2024,6:00 PM,0.9
1/29/2024,7:00 PM,1.1
1/29/2024,8:00 PM,1.0
1/29/2024,9:00 PM,0.8
1/29/2024,10:00 PM,0.9
1/29/2024,11:00 PM,1.2
1/29/2024,24:00 AM,1.0
1/30/2024,1:00 AM,1.1
1/30/2024,2:00 AM,1.1
1/30/2024,3:00 AM,1.4
1/30/2024,4:00 AM,1.6
1/30/2024,5:00 AM,1.8
1/30/2024,6:00 AM,1.6
1/30/2024,7:00 AM,0.6
1/30/2024,8:00 AM,0.7
1/30/2024,9:00 AM,0.6
1/30/2024,10:00 AM,0.5
1/30/2024,11:00 AM,0.5
1/30/2024,12:00 PM,0.5
1/30/2024,1:00 PM,0.6
1/30/2024,2:00 PM,0.6
1/30/2024,3:00 PM,0.6
1/30/2024,4:00 PM,0.8
1/30/2024,5:00 PM,0.9
1/30/2024,6:00 PM,1.0
1/30/2024,7:00 PM,0.5
1/30/2024,8:00 PM,0.0
1/30/2024,9:00 PM,0.0
1/30/2024,10:00 PM,0.0
1/30/2024,11:00 PM,0.1
1/30/2024,24:00 AM,0.0
1/31/2024,1:00 AM,0.2
1/31/2024,2:00 AM,0.1
1/31/2024,3:00 AM,0.0
1/31/2024,4:00 AM,0.0
1/31/2024,5:00 AM,0.0
1/31/2024,6:00 AM,0.0
1/31/2024,7:00 AM,0.0
1/31/2024,8:00 AM,0.0
1/31/2024,9:00 AM,0.2
1/31/2024,10:00 AM,0.3
1/31/2024,11:00 AM,0.4
1/31/2024,12:00 PM,0.6
1/31/2024,1:00 PM,0.3
1/31/2024,2:00 PM,0.6
1/31/2024,3:00 PM,0.6
1/31/2024,4:00 PM,0.6
1/31/2024,5:00 PM,0.6
1/31/2024,6:00 PM,0.8
1/31/2024,7:00 PM,0.9
1/31/2024,8:00 PM,0.8
1/31/2024,9:00 PM,0.5
1/31/2024,10:00 PM,0.5
1/31/2024,11:00 PM,0.3
1/31/2024,24:00 AM,0.6
2/1/2024,1:00 AM,0.5
2/1/2024,2:00 AM,1.0
2/1/2024,3:00 AM,1.3
2/1/2024,4:00 AM,1.2
2/1/2024,5:00 AM,2.0
2/1/2024,6:00 AM,1.6
2/1/2024,7:00 AM,1.3
2/1/2024,8:00 AM,1.2
2/1/2024,9:00 AM,1.0
2/1/2024,10:00 AM,1.4
2/1/2024,11:00 AM,1.6
2/1/2024,12:00 PM,1.8
2/1/2024,1:00 PM,2.5
2/1/2024,2:00 PM,2.9
2/1/2024,3:00 PM,3.4
2/1/2024,4:00 PM,5.1
2/1/2024,5:00 PM,6.3
2/1/2024,6:00 PM,7.4
2/1/2024,7:00 PM,6.9
2/1/2024,8:00 PM,6.3
2/1/2024,9:00 PM,6.7
2/1/2024,10:00 PM,5.8
2/1/2024,11:00 PM,5.2
2/1/2024,24:00 AM,5.8
2/2/2024,1:00 AM,5.3
2/2/2024,2:00 AM,6.0
2/2/2024,3:00 AM,6.7
2/2/2024,4:00 AM,7.4
2/2/2024,5:00 AM,7.2
2/2/2024,6:00 AM,7.5
2/2/2024,7:00 AM,7.2
2/2/2024,8:00 AM,7.2
2/2/2024,9:00 AM,8.3
2/2/2024,10:00 AM,7.7
2/2/2024,11:00 AM,8.1
2/2/2024,12:00 PM,7.5
2/2/2024,1:00 PM,7.2
2/2/2024,2:00 PM,8.3
2/2/2024,3:00 PM,8.8
2/2/2024,4:00 PM,9.4
2/2/2024,5:00 PM,10.4
2/2/2024,6:00 PM,11.6
2/2/2024,7:00 PM,11.4
2/2/2024,8:00 PM,9.6
2/2/2024,9:00 PM,9.0
2/2/2024,10:00 PM,7.9
2/2/2024,11:00 PM,10.0
2/2/2024,24:00 AM,5.4
2/3/2024,1:00 AM,1.2
2/3/2024,2:00 AM,0.2
2/3/2024,3:00 AM,0.1
2/3/2024,4:00 AM,0.0
2/3/2024,5:00 AM,0.2
2/3/2024,6:00 AM,3.0
2/3/2024,7:00 AM,3.9
2/3/2024,8:00 AM,3.0
2/3/2024,9:00 AM,2.6
2/3/2024,10:00 AM,0.8
2/3/2024,11:00 AM,0.0
2/3/2024,12:00 PM,0.0
2/3/2024,1:00 PM,0.0
2/3/2024,2:00 PM,0.0
2/3/2024,3:00 PM,0.0
2/3/2024,4:00 PM,0.0
2/3/2024,5:00 PM,0.0
2/3/2024,6:00 PM,0.1
2/3/2024,7:00 PM,0.0
2/3/2024,8:00 PM,0.0
2/3/2024,9:00 PM,0.0
2/3/2024,10:00 PM,0.0
2/3/2024,11:00 PM,0.0
2/3/2024,24:00 AM,0.0
2/4/2024,1:00 AM,0.2
2/4/2024,2:00 AM,0.3
2/4/2024,3:00 AM,0.2
2/4/2024,4:00 AM,0.0
2/4/2024,5:00 AM,0.0
2/4/2024,6:00 AM,0.0
2/4/2024,7:00 AM,0.0
2/4/2024,8:00 AM,0.0
2/4/2024,9:00 AM,0.0
2/4/2024,10:00 AM,0.3
2/4/2024,11:00 AM,0.7
2/4/2024,12:00 PM,1.1
2/4/2024,1:00 PM,2.2
2/4/2024,2:00 PM,3.0
2/4/2024,3:00 PM,2.8
2/4/2024,4:00 PM,3.1
2/4/2024,5:00 PM,4.1
2/4/2024,6:00 PM,5.9
2/4/2024,7:00 PM,4.8
2/4/2024,8:00 PM,6.0
2/4/2024,9:00 PM,6.3
2/4/2024,10:00 PM,7.5
2/4/2024,11:00 PM,9.6
2/4/2024,24:00 AM,6.1
2/5/2024,1:00 AM,4.5
2/5/2024,2:00 AM,4.2
2/5/2024,3:00 AM,4.3
2/5/2024,4:00 AM,1.6
2/5/2024,5:00 AM,1.7
2/5/2024,6:00 AM,2.5
2/5/2024,7:00 AM,1.2
2/5/2024,8:00 AM,1.4
2/5/2024,9:00 AM,0.7
2/5/2024,10:00 AM,0.8
2/5/2024,11:00 AM,1.1
2/5/2024,12:00 PM,0.6
2/5/2024,1:00 PM,1.2
2/5/2024,2:00 PM,1.7
2/5/2024,3:00 PM,2.8
2/5/2024,4:00 PM,2.3
2/5/2024,5:00 PM,3.4
2/5/2024,6:00 PM,4.4
2/5/2024,7:00 PM,5.2
2/5/2024,8:00 PM,5.8
2/5/2024,9:00 PM,5.3
2/5/2024,10:00 PM,5.5
2/5/2024,11:00 PM,5.0
2/5/2024,24:00 AM,4.6
2/6/2024,1:00 AM,4.5
2/6/2024,2:00 AM,4.9
2/6/2024,3:00 AM,4.9
2/6/2024,4:00 AM,5.2
2/6/2024,5:00 AM,4.8
2/6/2024,6:00 AM,3.4
2/6/2024,7:00 AM,3.2
2/6/2024,8:00 AM,3.4
2/6/2024,9:00 AM,2.9
2/6/2024,10:00 AM,2.7
2/6/2024,11:00 AM,3.1
2/6/2024,12:00 PM,3.2
2/6/2024,1:00 PM,4.4
2/6/2024,2:00 PM,5.0
2/6/2024,3:00 PM,4.2
2/6/2024,4:00 PM,5.2
2/6/2024,5:00 PM,4.2
2/6/2024,6:00 PM,6.0
2/6/2024,7:00 PM,5.0
2/6/2024,8:00 PM,7.2
2/6/2024,9:00 PM,8.4
2/6/2024,10:00 PM,9.5
2/6/2024,11:00 PM,9.7
2/6/2024,24:00 AM,6.5
2/7/2024,1:00 AM,8.1
2/7/2024,2:00 AM,7.4
2/7/2024,3:00 AM,10.1
2/7/2024,4:00 AM,7.6
2/7/2024,5:00 AM,7.2
2/7/2024,6:00 AM,8.3
2/7/2024,7:00 AM,2.1
2/7/2024,8:00 AM,0.0
2/7/2024,9:00 AM,0.0
2/7/2024,10:00 AM,0.0
2/7/2024,11:00 AM,0.4
2/7/2024,12:00 PM,0.0
2/7/2024,1:00 PM,0.5
2/7/2024,2:00 PM,0.4
2/7/2024,3:00 PM,0.4
2/7/2024,4:00 PM,1.0
2/7/2024,5:00 PM,0.9
2/7/2024,6:00 PM,1.1
2/7/2024,7:00 PM,1.0
2/7/2024,8:00 PM,1.0
2/7/2024,9:00 PM,0.2
2/7/2024,10:00 PM,1.6
2/7/2024,11:00 PM,2.0
2/7/2024,24:00 AM,2.2
2/8/2024,1:00 AM,3.8
2/8/2024,2:00 AM,4.4
2/8/2024,3:00 AM,3.5
2/8/2024,4:00 AM,2.4
2/8/2024,5:00 AM,2.7
2/8/2024,6:00 AM,2.3
2/8/2024,7:00 AM,2.1
2/8/2024,8:00 AM,1.9
2/8/2024,9:00 AM,2.0
2/8/2024,10:00 AM,2.2
2/8/2024,11:00 AM,1.7
2/8/2024,12:00 PM,1.7
2/8/2024,1:00 PM,0.9
2/8/2024,2:00 PM,1.4
2/8/2024,3:00 PM,1.5
2/8/2024,4:00 PM,1.4
2/8/2024,5:00 PM,1.4
2/8/2024,6:00 PM,2.6
2/8/2024,7:00 PM,1.9
2/8/2024,8:00 PM,1.6
2/8/2024,9:00 PM,1.5
2/8/2024,10:00 PM,1.1
2/8/2024,11:00 PM,1.8
2/8/2024,24:00 AM,1.5
2/9/2024,1:00 AM,1.4
2/9/2024,2:00 AM,1.5
2/9/2024,3:00 AM,0.7
2/9/2024,4:00 AM,1.6
2/9/2024,5:00 AM,0.9
2/9/2024,6:00 AM,1.0
2/9/2024,7:00 AM,1.1
2/9/2024,8:00 AM,1.6
2/9/2024,9:00 AM,0.9
2/9/2024,10:00 AM,0.2
2/9/2024,11:00 AM,0.9
2/9/2024,12:00 PM,1.2
2/9/2024,1:00 PM,1.8
2/9/2024,2:00 PM,2.5
2/9/2024,3:00 PM,4.4
2/9/2024,4:00 PM,6.3
2/9/2024,5:00 PM,3.8
2/9/2024,6:00 PM,3.4
2/9/2024,7:00 PM,4.3
2/9/2024,8:00 PM,7.2
2/9/2024,9:00 PM,9.2
2/9/2024,10:00 PM,8.9
2/9/2024,11:00 PM,8.2
2/9/2024,24:00 AM,8.8
2/10/2024,1:00 AM,7.8
2/10/2024,2:00 AM,6.4
2/10/2024,3:00 AM,5.2
2/10/2024,4:00 AM,3.8
2/10/2024,5:00 AM,2.2
2/10/2024,6:00 AM,2.3
2/10/2024,7:00 AM,2.4
2/10/2024,8:00 AM,2.6
2/10/2024,9:00 AM,3.2
2/10/2024,10:00 AM,4.5
2/10/2024,11:00 AM,4.6
2/10/2024,12:00 PM,4.7
2/10/2024,1:00 PM,4.0
2/10/2024,2:00 PM,4.1
2/10/2024,3:00 PM,4.9
2/10/2024,4:00 PM,3.4
2/10/2024,5:00 PM,3.7
2/10/2024,6:00 PM,2.6
2/10/2024,7:00 PM,1.9
2/10/2024,8:00 PM,1.8
2/10/2024,9:00 PM,1.9
2/10/2024,10:00 PM,2.4
2/10/2024,11:00 PM,2.3
2/10/2024,24:00 AM,2.1
2/11/2024,1:00 AM,2.0
2/11/2024,2:00 AM,1.7
2/11/2024,3:00 AM,2.2
2/11/2024,4:00 AM,1.0
2/11/2024,5:00 AM,0.7
2/11/2024,6:00 AM,2.0
2/11/2024,7:00 AM,2.4
2/11/2024,8:00 AM,1.0
2/11/2024,9:00 AM,0.9
2/11/2024,10:00 AM,2.2
2/11/2024,11:00 AM,2.3
2/11/2024,12:00 PM,2.2
2/11/2024,1:00 PM,2.4
2/11/2024,2:00 PM,2.5
2/11/2024,3:00 PM,3.9
2/11/2024,4:00 PM,3.5
2/11/2024,5:00 PM,3.1
2/11/2024,6:00 PM,3.7
2/11/2024,7:00 PM,3.8
2/11/2024,8:00 PM,6.0
2/11/2024,9:00 PM,2.1
2/11/2024,10:00 PM,2.9
2/11/2024,11:00 PM,1.8
2/11/2024,24:00 AM,3.0
2/12/2024,1:00 AM,1.9
2/12/2024,2:00 AM,1.0
2/12/2024,3:00 AM,0.6
2/12/2024,4:00 AM,1.1
2/12/2024,5:00 AM,1.3
2/12/2024,6:00 AM,1.1
2/12/2024,7:00 AM,1.5
2/12/2024,8:00 AM,2.5
2/12/2024,9:00 AM,1.9
2/12/2024,10:00 AM,2.5
2/12/2024,11:00 AM,1.7
2/12/2024,12:00 PM,2.6
2/12/2024,1:00 PM,2.2
2/12/2024,2:00 PM,1.9
2/12/2024,3:00 PM,3.8
2/12/2024,4:00 PM,5.6
2/12/2024,5:00 PM,2.3
2/12/2024,6:00 PM,4.1
2/12/2024,7:00 PM,3.9
2/12/2024,8:00 PM,1.6
2/12/2024,9:00 PM,4.3
2/12/2024,10:00 PM,1.1
2/12/2024,11:00 PM,0.5
2/12/2024,24:00 AM,1.2
2/13/2024,1:00 AM,1.1
2/13/2024,2:00 AM,1.2
2/13/2024,3:00 AM,0.9
2/13/2024,4:00 AM,1.1
2/13/2024,5:00 AM,0.8
2/13/2024,6:00 AM,1.8
2/13/2024,7:00 AM,2.1
2/13/2024,8:00 AM,1.1
2/13/2024,9:00 AM,0.6
2/13/2024,10:00 AM,0.5
2/13/2024,11:00 AM,1.2
2/13/2024,12:00 PM,1.3
2/13/2024,1:00 PM,1.9
2/13/2024,2:00 PM,1.6
2/13/2024,3:00 PM,1.4
2/13/2024,4:00 PM,1.3
2/13/2024,5:00 PM,1.8
2/13/2024,6:00 PM,3.1
2/13/2024,7:00 PM,3.0
2/13/2024,8:00 PM,2.2
2/13/2024,9:00 PM,0.7
2/13/2024,10:00 PM,0.6
2/13/2024,11:00 PM,1.8
2/13/2024,24:00 AM,2.0
2/14/2024,1:00 AM,0.9
2/14/2024,2:00 AM,1.7
2/14/2024,3:00 AM,1.6
2/14/2024,4:00 AM,0.4
2/14/2024,5:00 AM,0.2
2/14/2024,6:00 AM,0.6
2/14/2024,7:00 AM,1.0
2/14/2024,8:00 AM,0.0
2/14/2024,9:00 AM,0.0
2/14/2024,10:00 AM,0.3
2/14/2024,11:00 AM,0.4
2/14/2024,12:00 PM,1.1
2/14/2024,1:00 PM,1.8
2/14/2024,2:00 PM,2.1
2/14/2024,3:00 PM,1.8
2/14/2024,4:00 PM,1.6
2/14/2024,5:00 PM,1.6
2/14/2024,6:00 PM,2.5
2/14/2024,7:00 PM,1.4
2/14/2024,8:00 PM,0.8
2/14/2024,9:00 PM,0.9
2/14/2024,10:00 PM,1.3
2/14/2024,11:00 PM,0.8
2/14/2024,24:00 AM,0.5
2/15/2024,1:00 AM,0.0
2/15/2024,2:00 AM,2.1
2/15/2024,3:00 AM,4.3
2/15/2024,4:00 AM,5.0
2/15/2024,5:00 AM,5.5
2/15/2024,6:00 AM,4.1
2/15/2024,7:00 AM,2.6
2/15/2024,8:00 AM,1.9
2/15/2024,9:00 AM,2.8
2/15/2024,10:00 AM,1.9
2/15/2024,11:00 AM,1.5
2/15/2024,12:00 PM,2.2
2/15/2024,1:00 PM,2.7
2/15/2024,2:00 PM,2.4
2/15/2024,3:00 PM,4.0
2/15/2024,4:00 PM,5.1
2/15/2024,5:00 PM,4.5
2/15/2024,6:00 PM,6.3
2/15/2024,7:00 PM,7.3
2/15/2024,8:00 PM,6.8
2/15/2024,9:00 PM,5.1
2/15/2024,10:00 PM,4.9
2/15/2024,11:00 PM,3.1
2/15/2024,24:00 AM,2.2
2/16/2024,1:00 AM,5.3
2/16/2024,2:00 AM,22.4
2/16/2024,3:00 AM,27.5
2/16/2024,4:00 AM,26.6
2/16/2024,5:00 AM,23.2
2/16/2024,6:00 AM,22.0
2/16/2024,7:00 AM,19.4
2/16/2024,8:00 AM,12.9
2/16/2024,9:00 AM,10.7
2/16/2024,10:00 AM,6.4
2/16/2024,11:00 AM,6.4
2/16/2024,12:00 PM,6.9
2/16/2024,1:00 PM,5.9
2/16/2024,2:00 PM,5.6
2/16/2024,3:00 PM,6.0
2/16/2024,4:00 PM,5.7
2/16/2024,5:00 PM,5.9
2/16/2024,6:00 PM,6.9
2/16/2024,7:00 PM,7.3
2/16/2024,8:00 PM,7.1
2/16/2024,9:00 PM,6.3
2/16/2024,10:00 PM,4.5
2/16/2024,11:00 PM,3.7
2/16/2024,24:00 AM,3.1
2/17/2024,1:00 AM,3.3
2/17/2024,2:00 AM,3.7
2/17/2024,3:00 AM,3.9
2/17/2024,4:00 AM,3.7
2/17/2024,5:00 AM,4.4
2/17/2024,6:00 AM,3.7
2/17/2024,7:00 AM,3.8
2/17/2024,8:00 AM,2.6
2/17/2024,9:00 AM,2.5
2/17/2024,10:00 AM,2.7
2/17/2024,11:00 AM,3.0
2/17/2024,12:00 PM,4.3
2/17/2024,1:00 PM,5.7
2/17/2024,2:00 PM,5.5
2/17/2024,3:00 PM,5.3
2/17/2024,4:00 PM,5.1
2/17/2024,5:00 PM,5.7
2/17/2024,6:00 PM,6.6
2/17/2024,7:00 PM,6.1
2/17/2024,8:00 PM,5.8
2/17/2024,9:00 PM,5.0
2/17/2024,10:00 PM,2.9
2/17/2024,11:00 PM,2.3
2/17/2024,24:00 AM,1.7
2/18/2024,1:00 AM,3.0
2/18/2024,2:00 AM,3.7
2/18/2024,3:00 AM,3.7
2/18/2024,4:00 AM,2.3
2/18/2024,5:00 AM,2.4
2/18/2024,6:00 AM,2.0
2/18/2024,7:00 AM,1.9
2/18/2024,8:00 AM,2.0
2/18/2024,9:00 AM,1.6
2/18/2024,10:00 AM,1.8
2/18/2024,11:00 AM,3.1
2/18/2024,12:00 PM,4.4
2/18/2024,1:00 PM,5.2
2/18/2024,2:00 PM,5.3
2/18/2024,3:00 PM,4.2
2/18/2024,4:00 PM,3.5
2/18/2024,5:00 PM,4.3
2/18/2024,6:00 PM,5.0
2/18/2024,7:00 PM,6.6
2/18/2024,8:00 PM,3.9
2/18/2024,9:00 PM,3.7
2/18/2024,10:00 PM,3.9
2/18/2024,11:00 PM,2.7
2/18/2024,24:00 AM,2.7
2/19/2024,1:00 AM,2.9
2/19/2024,2:00 AM,2.8
2/19/2024,3:00 AM,2.6
2/19/2024,4:00 AM,3.0
2/19/2024,5:00 AM,3.5
2/19/2024,6:00 AM,4.5
2/19/2024,7:00 AM,3.9
2/19/2024,8:00 AM,3.5
2/19/2024,9:00 AM,4.2
2/19/2024,10:00 AM,4.5
2/19/2024,11:00 AM,5.5
2/19/2024,12:00 PM,6.3
2/19/2024,1:00 PM,6.5
2/19/2024,2:00 PM,7.4
2/19/2024,3:00 PM,5.7
2/19/2024,4:00 PM,4.8
2/19/2024,5:00 PM,5.8
2/19/2024,6:00 PM,8.8
2/19/2024,7:00 PM,9.0
2/19/2024,8:00 PM,7.5
2/19/2024,9:00 PM,8.0
2/19/2024,10:00 PM,5.8
2/19/2024,11:00 PM,7.5
2/19/2024,24:00 AM,6.3
2/20/2024,1:00 AM,5.5
2/20/2024,2:00 AM,5.7
2/20/2024,3:00 AM,4.7
2/20/2024,4:00 AM,4.8
2/20/2024,5:00 AM,4.8
2/20/2024,6:00 AM,4.9
2/20/2024,7:00 AM,5.3
2/20/2024,8:00 AM,5.1
2/20/2024,9:00 AM,4.7
2/20/2024,10:00 AM,4.7
2/20/2024,11:00 AM,4.9
2/20/2024,12:00 PM,5.3
2/20/2024,1:00 PM,6.5
2/20/2024,2:00 PM,6.7
2/20/2024,3:00 PM,6.1
2/20/2024,4:00 PM,4.8
2/20/2024,5:00 PM,5.5
2/20/2024,6:00 PM,6.2
2/20/2024,7:00 PM,4.6
2/20/2024,8:00 PM,4.0
2/20/2024,9:00 PM,5.0
2/20/2024,10:00 PM,3.6
2/20/2024,11:00 PM,3.1
2/20/2024,24:00 AM,3.1
2/21/2024,1:00 AM,2.4
2/21/2024,2:00 AM,2.0
2/21/2024,3:00 AM,2.1
2/21/2024,4:00 AM,2.5
2/21/2024,5:00 AM,2.8
2/21/2024,6:00 AM,2.6
2/21/2024,7:00 AM,2.2
2/21/2024,8:00 AM,2.1
2/21/2024,9:00 AM,2.4
2/21/2024,10:00 AM,2.2
2/21/2024,11:00 AM,2.7
2/21/2024,12:00 PM,3.1
2/21/2024,1:00 PM,3.3
2/21/2024,2:00 PM,3.4
2/21/2024,3:00 PM,3.4
2/21/2024,4:00 PM,2.7
2/21/2024,5:00 PM,3.3
2/21/2024,6:00 PM,3.7
2/21/2024,7:00 PM,3.2
2/21/2024,8:00 PM,2.8
2/21/2024,9:00 PM,3.0
2/21/2024,10:00 PM,2.1
2/21/2024,11:00 PM,2.0
2/21/2024,24:00 AM,2.0
2/22/2024,1:00 AM,2.3
2/22/2024,2:00 AM,2.0
2/22/2024,3:00 AM,3.2
2/22/2024,4:00 AM,2.4
2/22/2024,5:00 AM,1.9
2/22/2024,6:00 AM,2.9
2/22/2024,7:00 AM,2.7
2/22/2024,8:00 AM,2.7
2/22/2024,9:00 AM,2.7
2/22/2024,10:00 AM,2.7
2/22/2024,11:00 AM,3.4
2/22/2024,12:00 PM,3.7
2/22/2024,1:00 PM,3.8
2/22/2024,2:00 PM,4.0
2/22/2024,3:00 PM,3.2
2/22/2024,4:00 PM,3.3
2/22/2024,5:00 PM,4.9
2/22/2024,6:00 PM,4.1
2/22/2024,7:00 PM,4.0
2/22/2024,8:00 PM,3.7
2/22/2024,9:00 PM,3.6
2/22/2024,10:00 PM,2.8
2/22/2024,11:00 PM,2.6
2/22/2024,24:00 AM,2.4
2/23/2024,1:00 AM,3.2
2/23/2024,2:00 AM,3.0
2/23/2024,3:00 AM,3.3
2/23/2024,4:00 AM,3.1
2/23/2024,5:00 AM,2.6
2/23/2024,6:00 AM,2.3
2/23/2024,7:00 AM,2.0
2/23/2024,8:00 AM,2.2
2/23/2024,9:00 AM,3.2
2/23/2024,10:00 AM,3.9
2/23/2024,11:00 AM,4.0
2/23/2024,12:00 PM,4.0
2/23/2024,1:00 PM,3.7
2/23/2024,2:00 PM,3.2
2/23/2024,3:00 PM,3.3
2/23/2024,4:00 PM,2.8
2/23/2024,5:00 PM,3.0
2/23/2024,6:00 PM,2.7
2/23/2024,7:00 PM,1.8
2/23/2024,8:00 PM,1.9
2/23/2024,9:00 PM,1.7
2/23/2024,10:00 PM,1.5
2/23/2024,11:00 PM,1.3
2/23/2024,24:00 AM,1.1
2/24/2024,1:00 AM,0.9
2/24/2024,2:00 AM,0.6
2/24/2024,3:00 AM,0.5
2/24/2024,4:00 AM,0.7
2/24/2024,5:00 AM,0.7
2/24/2024,6:00 AM,0.6
2/24/2024,7:00 AM,0.6
2/24/2024,8:00 AM,0.9
2/24/2024,9:00 AM,1.1
2/24/2024,10:00 AM,1.1
2/24/2024,11:00 AM,1.2
2/24/2024,12:00 PM,1.0
2/24/2024,1:00 PM,1.1
2/24/2024,2:00 PM,1.1
2/24/2024,3:00 PM,1.2
2/24/2024,4:00 PM,1.3
2/24/2024,5:00 PM,1.6
2/24/2024,6:00 PM,1.9
2/24/2024,7:00 PM,1.6
2/24/2024,8:00 PM,1.4
2/24/2024,9:00 PM,1.8
2/24/2024,10:00 PM,1.5
2/24/2024,11:00 PM,2.2
2/24/2024,24:00 AM,1.5
2/25/2024,1:00 AM,1.1
2/25/2024,2:00 AM,1.4
2/25/2024,3:00 AM,1.7
2/25/2024,4:00 AM,2.1
2/25/2024,5:00 AM,2.2
2/25/2024,6:00 AM,1.7
2/25/2024,7:00 AM,1.5
2/25/2024,8:00 AM,1.4
2/25/2024,9:00 AM,1.3
2/25/2024,10:00 AM,1.9
2/25/2024,11:00 AM,1.9
2/25/2024,12:00 PM,1.6
2/25/2024,1:00 PM,1.3
2/25/2024,2:00 PM,1.2
2/25/2024,3:00 PM,1.1
2/25/2024,4:00 PM,0.8
2/25/2024,5:00 PM,0.5
2/25/2024,6:00 PM,0.3
2/25/2024,7:00 PM,0.1
2/25/2024,8:00 PM,0.0
2/25/2024,9:00 PM,0.0
2/25/2024,10:00 PM,0.2
2/25/2024,11:00 PM,0.1
2/25/2024,24:00 AM,0.0
2/26/2024,1:00 AM,0.0
2/26/2024,2:00 AM,0.0
2/26/2024,3:00 AM,0.0
2/26/2024,4:00 AM,0.0
2/26/2024,5:00 AM,0.5
2/26/2024,6:00 AM,0.6
2/26/2024,7:00 AM,0.2
2/26/2024,8:00 AM,0.4
2/26/2024,9:00 AM,0.6
2/26/2024,10:00 AM,0.6
2/26/2024,11:00 AM,0.4
2/26/2024,12:00 PM,0.2
2/26/2024,1:00 PM,0.2
2/26/2024,2:00 PM,0.2
2/26/2024,3:00 PM,0.1
2/26/2024,4:00 PM,0.2
2/26/2024,5:00 PM,0.2
2/26/2024,6:00 PM,0.1
2/26/2024,7:00 PM,0.0
2/26/2024,8:00 PM,0.0
2/26/2024,9:00 PM,0.0
2/26/2024,10:00 PM,2.7
2/26/2024,11:00 PM,2.6
2/26/2024,24:00 AM,5.1
2/27/2024,1:00 AM,1.8
2/27/2024,2:00 AM,1.2
2/27/2024,3:00 AM,1.3
2/27/2024,4:00 AM,1.0
2/27/2024,5:00 AM,0.4
2/27/2024,6:00 AM,1.0
2/27/2024,7:00 AM,1.1
2/27/2024,8:00 AM,0.9
2/27/2024,9:00 AM,0.7
2/27/2024,10:00 AM,
2/27/2024,11:00 AM,1.0
2/27/2024,12:00 PM,0.3
2/27/2024,1:00 PM,0.1
2/27/2024,2:00 PM,0.1
2/27/2024,3:00 PM,0.2
2/27/2024,4:00 PM,0.1
2/27/2024,5:00 PM,0.4
2/27/2024,6:00 PM,0.9
2/27/2024,7:00 PM,1.1
2/27/2024,8:00 PM,1.2
2/27/2024,9:00 PM,2.0
2/27/2024,10:00 PM,2.7
2/27/2024,11:00 PM,3.7
2/27/2024,24:00 AM,2.6
2/28/2024,1:00 AM,2.1
2/28/2024,2:00 AM,2.2
2/28/2024,3:00 AM,2.1
2/28/2024,4:00 AM,2.4
2/28/2024,5:00 AM,3.3
2/28/2024,6:00 AM,3.1
2/28/2024,7:00 AM,3.7
2/28/2024,8:00 AM,3.9
2/28/2024,9:00 AM,3.8
2/28/2024,10:00 AM,4.7
2/28/2024,11:00 AM,6.5
2/28/2024,12:00 PM,8.0
2/28/2024,1:00 PM,9.3
2/28/2024,2:00 PM,
2/28/2024,3:00 PM,
2/28/2024,4:00 PM,
2/28/2024,5:00 PM,10.6
2/28/2024,6:00 PM,
2/28/2024,7:00 PM,
2/28/2024,8:00 PM,
2/28/2024,9:00 PM,13.2
2/28/2024,10:00 PM,8.8
2/28/2024,11:00 PM,6.9
2/28/2024,24:00 AM,6.1
2/29/2024,1:00 AM,7.1
2/29/2024,2:00 AM,7.1
2/29/2024,3:00 AM,6.8
2/29/2024,4:00 AM,5.6
2/29/2024,5:00 AM,4.8
2/29/2024,6:00 AM,4.4
2/29/2024,7:00 AM,3.5
2/29/2024,8:00 AM,3.7
2/29/2024,9:00 AM,3.6
2/29/2024,10:00 AM,3.7
2/29/2024,11:00 AM,3.2
2/29/2024,12:00 PM,3.0
2/29/2024,1:00 PM,3.9
2/29/2024,2:00 PM,4.0
2/29/2024,3:00 PM,5.2
2/29/2024,4:00 PM,6.4
2/29/2024,5:00 PM,7.0
2/29/2024,6:00 PM,10.6
2/29/2024,7:00 PM,4.7
2/29/2024,8:00 PM,5.9
2/29/2024,9:00 PM,3.5
2/29/2024,10:00 PM,4.0
2/29/2024,11:00 PM,3.1
2/29/2024,24:00 AM,4.9
3/1/2024,1:00 AM,0.0
3/1/2024,2:00 AM,0.0
3/1/2024,3:00 AM,0.2
3/1/2024,4:00 AM,0.0
3/1/2024,5:00 AM,2.9
3/1/2024,6:00 AM,12.0
3/1/2024,7:00 AM,0.0
3/1/2024,8:00 AM,0.0
3/1/2024,9:00 AM,0.0
3/1/2024,10:00 AM,0.0
3/1/2024,11:00 AM,0.0
3/1/2024,12:00 PM,0.0
3/1/2024,1:00 PM,0.0
3/1/2024,2:00 PM,0.0
3/1/2024,3:00 PM,0.0
3/1/2024,4:00 PM,0.5
3/1/2024,5:00 PM,0.9
3/1/2024,6:00 PM,0.7
3/1/2024,7:00 PM,0.6
3/1/2024,8:00 PM,0.7
3/1/2024,9:00 PM,0.9
3/1/2024,10:00 PM,0.9
3/1/2024,11:00 PM,1.3
3/1/2024,24:00 AM,1.1
3/2/2024,1:00 AM,0.4
3/2/2024,2:00 AM,0.7
3/2/2024,3:00 AM,0.6
3/2/2024,4:00 AM,0.4
3/2/2024,5:00 AM,0.0
3/2/2024,6:00 AM,0.1
3/2/2024,7:00 AM,0.2
3/2/2024,8:00 AM,0.8
3/2/2024,9:00 AM,0.0
3/2/2024,10:00 AM,0.0
3/2/2024,11:00 AM,0.0
3/2/2024,12:00 PM,0.1
3/2/2024,1:00 PM,0.0
3/2/2024,2:00 PM,0.4
3/2/2024,3:00 PM,0.5
3/2/2024,4:00 PM,0.3
3/2/2024,5:00 PM,0.3
3/2/2024,6:00 PM,0.0
3/2/2024,7:00 PM,0.0
3/2/2024,8:00 PM,0.0
3/2/2024,9:00 PM,0.3
3/2/2024,10:00 PM,0.8
3/2/2024,11:00 PM,0.0
3/2/2024,24:00 AM,0.0
3/3/2024,1:00 AM,0.2
3/3/2024,2:00 AM,0.2
3/3/2024,3:00 AM,0.4
3/3/2024,4:00 AM,0.5
3/3/2024,5:00 AM,0.0
3/3/2024,6:00 AM,0.0
3/3/2024,7:00 AM,0.0
3/3/2024,8:00 AM,0.0
3/3/2024,9:00 AM,0.0
3/3/2024,10:00 AM,0.0
3/3/2024,11:00 AM,0.0
3/3/2024,12:00 PM,0.4
3/3/2024,1:00 PM,0.9
3/3/2024,2:00 PM,1.2
3/3/2024,3:00 PM,1.3
3/3/2024,4:00 PM,0.9
3/3/2024,5:00 PM,0.8
3/3/2024,6:00 PM,0.8
3/3/2024,7:00 PM,0.6
3/3/2024,8:00 PM,0.5
3/3/2024,9:00 PM,0.3
3/3/2024,10:00 PM,1.3
3/3/2024,11:00 PM,0.0
3/3/2024,24:00 AM,0.6
3/4/2024,1:00 AM,1.4
3/4/2024,2:00 AM,0.9
3/4/2024,3:00 AM,0.0
3/4/2024,4:00 AM,0.0
3/4/2024,5:00 AM,0.0
3/4/2024,6:00 AM,0.0
3/4/2024,7:00 AM,0.0
3/4/2024,8:00 AM,0.7
3/4/2024,9:00 AM,0.8
3/4/2024,10:00 AM,0.5
3/4/2024,11:00 AM,0.4
3/4/2024,12:00 PM,1.6
3/4/2024,1:00 PM,0.6
3/4/2024,2:00 PM,1.2
3/4/2024,3:00 PM,1.6
3/4/2024,4:00 PM,1.6
3/4/2024,5:00 PM,2.3
3/4/2024,6:00 PM,2.0
3/4/2024,7:00 PM,2.0
3/4/2024,8:00 PM,1.9
3/4/2024,9:00 PM,2.6
3/4/2024,10:00 PM,3.0
3/4/2024,11:00 PM,1.6
3/4/2024,24:00 AM,0.4
3/5/2024,1:00 AM,2.1
3/5/2024,2:00 AM,1.7
3/5/2024,3:00 AM,1.1
3/5/2024,4:00 AM,0.2
3/5/2024,5:00 AM,0.0
3/5/2024,6:00 AM,1.7
3/5/2024,7:00 AM,0.2
3/5/2024,8:00 AM,0.5
3/5/2024,9:00 AM,1.2
3/5/2024,10:00 AM,1.4
3/5/2024,11:00 AM,0.7
3/5/2024,12:00 PM,0.9
3/5/2024,1:00 PM,1.7
3/5/2024,2:00 PM,2.0
3/5/2024,3:00 PM,2.8
3/5/2024,4:00 PM,3.4
3/5/2024,5:00 PM,3.3
3/5/2024,6:00 PM,3.1
3/5/2024,7:00 PM,3.4
3/5/2024,8:00 PM,4.4
3/5/2024,9:00 PM,4.7
3/5/2024,10:00 PM,4.5
3/5/2024,11:00 PM,6.5
3/5/2024,24:00 AM,8.7
3/6/2024,1:00 AM,7.9
3/6/2024,2:00 AM,5.9
3/6/2024,3:00 AM,3.7
3/6/2024,4:00 AM,2.5
3/6/2024,5:00 AM,1.6
3/6/2024,6:00 AM,1.3
3/6/2024,7:00 AM,0.9
3/6/2024,8:00 AM,0.9
3/6/2024,9:00 AM,0.8
3/6/2024,10:00 AM,1.3
3/6/2024,11:00 AM,2.4
3/6/2024,12:00 PM,5.5
3/6/2024,1:00 PM,6.0
3/6/2024,2:00 PM,8.0
3/6/2024,3:00 PM,9.6
3/6/2024,4:00 PM,8.9
3/6/2024,5:00 PM,5.0
3/6/2024,6:00 PM,3.2
3/6/2024,7:00 PM,2.8
3/6/2024,8:00 PM,2.2
3/6/2024,9:00 PM,2.4
3/6/2024,10:00 PM,5.2
3/6/2024,11:00 PM,4.3
3/6/2024,24:00 AM,4.0
3/7/2024,1:00 AM,5.2
3/7/2024,2:00 AM,5.2
3/7/2024,3:00 AM,5.1
3/7/2024,4:00 AM,6.4
3/7/2024,5:00 AM,7.7
3/7/2024,6:00 AM,5.9
3/7/2024,7:00 AM,5.0
3/7/2024,8:00 AM,4.8
3/7/2024,9:00 AM,6.4
3/7/2024,10:00 AM,6.4
3/7/2024,11:00 AM,5.4
3/7/2024,12:00 PM,7.4
3/7/2024,1:00 PM,
3/7/2024,2:00 PM,6.4
3/7/2024,3:00 PM,5.5
3/7/2024,4:00 PM,6.5
3/7/2024,5:00 PM,5.9
3/7/2024,6:00 PM,5.3
3/7/2024,7:00 PM,4.5
3/7/2024,8:00 PM,4.9
3/7/2024,9:00 PM,4.8
3/7/2024,10:00 PM,5.2
3/7/2024,11:00 PM,5.8
3/7/2024,24:00 AM,6.1
3/8/2024,1:00 AM,4.3
3/8/2024,2:00 AM,5.4
3/8/2024,3:00 AM,4.8
3/8/2024,4:00 AM,5.0
3/8/2024,5:00 AM,5.3
3/8/2024,6:00 AM,5.5
3/8/2024,7:00 AM,4.2
3/8/2024,8:00 AM,4.0
3/8/2024,9:00 AM,4.5
3/8/2024,10:00 AM,4.7
3/8/2024,11:00 AM,4.7
3/8/2024,12:00 PM,4.8
3/8/2024,1:00 PM,4.5
3/8/2024,2:00 PM,5.1
3/8/2024,3:00 PM,4.8
3/8/2024,4:00 PM,5.6
3/8/2024,5:00 PM,3.7
3/8/2024,6:00 PM,5.4
3/8/2024,7:00 PM,4.4
3/8/2024,8:00 PM,4.3
3/8/2024,9:00 PM,4.3
3/8/2024,10:00 PM,3.3
3/8/2024,11:00 PM,2.8
3/8/2024,24:00 AM,2.2
3/9/2024,1:00 AM,2.6
3/9/2024,2:00 AM,2.4
3/9/2024,3:00 AM,2.0
3/9/2024,4:00 AM,2.5
3/9/2024,5:00 AM,1.5
3/9/2024,6:00 AM,2.1
3/9/2024,7:00 AM,1.6
3/9/2024,8:00 AM,2.2
3/9/2024,9:00 AM,2.4
3/9/2024,10:00 AM,2.9
3/9/2024,11:00 AM,3.6
3/9/2024,12:00 PM,6.3
3/9/2024,1:00 PM,6.1
3/9/2024,2:00 PM,3.2
3/9/2024,3:00 PM,3.6
3/9/2024,4:00 PM,2.0
3/9/2024,5:00 PM,1.8
3/9/2024,6:00 PM,1.6
3/9/2024,7:00 PM,1.7
3/9/2024,8:00 PM,1.4
3/9/2024,9:00 PM,1.5
3/9/2024,10:00 PM,1.5
3/9/2024,11:00 PM,1.5
3/9/2024,24:00 AM,1.4
3/10/2024,1:00 AM,1.5
3/10/2024,2:00 AM,2.0
3/10/2024,3:00 AM,2.4
3/10/2024,4:00 AM,1.9
3/10/2024,5:00 AM,1.4
3/10/2024,6:00 AM,1.8
3/10/2024,7:00 AM,1.6
3/10/2024,8:00 AM,2.2
3/10/2024,9:00 AM,3.0
3/10/2024,10:00 AM,3.7
3/10/2024,11:00 AM,3.8
3/10/2024,12:00 PM,3.3
3/10/2024,1:00 PM,4.1
3/10/2024,2:00 PM,3.9
3/10/2024,3:00 PM,3.4
3/10/2024,4:00 PM,3.2
3/10/2024,5:00 PM,2.7
3/10/2024,6:00 PM,2.6
3/10/2024,7:00 PM,2.9
3/10/2024,8:00 PM,2.6
3/10/2024,9:00 PM,2.6
3/10/2024,10:00 PM,2.6
3/10/2024,11:00 PM,2.4
3/10/2024,24:00 AM,2.3
3/11/2024,1:00 AM,2.4
3/11/2024,2:00 AM,2.4
3/11/2024,3:00 AM,2.9
3/11/2024,4:00 AM,3.9
3/11/2024,5:00 AM,3.3
3/11/2024,6:00 AM,4.0
3/11/2024,7:00 AM,3.7
3/11/2024,8:00 AM,4.4
3/11/2024,9:00 AM,3.7
3/11/2024,10:00 AM,3.4
3/11/2024,11:00 AM,2.8
3/11/2024,12:00 PM,3.0
3/11/2024,1:00 PM,1.3
3/11/2024,2:00 PM,1.3
3/11/2024,3:00 PM,1.0
3/11/2024,4:00 PM,1.2
3/11/2024,5:00 PM,1.8
3/11/2024,6:00 PM,1.4
3/11/2024,7:00 PM,2.1
3/11/2024,8:00 PM,1.7
3/11/2024,9:00 PM,1.5
3/11/2024,10:00 PM,1.4
3/11/2024,11:00 PM,1.5
3/11/2024,24:00 AM,1.7
3/12/2024,1:00 AM,1.7
3/12/2024,2:00 AM,1.6
3/12/2024,3:00 AM,1.9
3/12/2024,4:00 AM,2.4
3/12/2024,5:00 AM,3.0
3/12/2024,6:00 AM,3.0
3/12/2024,7:00 AM,3.4
3/12/2024,8:00 AM,3.1
3/12/2024,9:00 AM,3.2
3/12/2024,10:00 AM,3.6
3/12/2024,11:00 AM,3.8
3/12/2024,12:00 PM,3.7
3/12/2024,1:00 PM,3.5
3/12/2024,2:00 PM,2.7
3/12/2024,3:00 PM,3.3
3/12/2024,4:00 PM,3.0
3/12/2024,5:00 PM,5.0
3/12/2024,6:00 PM,5.5
3/12/2024,7:00 PM,7.1
3/12/2024,8:00 PM,7.2
3/12/2024,9:00 PM,7.2
3/12/2024,10:00 PM,7.2
3/12/2024,11:00 PM,6.7
3/12/2024,24:00 AM,6.3
3/13/2024,1:00 AM,4.0
3/13/2024,2:00 AM,3.1
3/13/2024,3:00 AM,3.4
3/13/2024,4:00 AM,3.2
3/13/2024,5:00 AM,3.3
3/13/2024,6:00 AM,3.9
3/13/2024,7:00 AM,3.4
3/13/2024,8:00 AM,4.3
3/13/2024,9:00 AM,4.1
3/13/2024,10:00 AM,3.6
3/13/2024,11:00 AM,3.3
3/13/2024,12:00 PM,2.2
3/13/2024,1:00 PM,2.0
3/13/2024,2:00 PM,2.1
3/13/2024,3:00 PM,2.4
3/13/2024,4:00 PM,1.7
3/13/2024,5:00 PM,2.7
3/13/2024,6:00 PM,2.3
3/13/2024,7:00 PM,2.3
3/13/2024,8:00 PM,2.2
3/13/2024,9:00 PM,2.5
3/13/2024,10:00 PM,2.9
3/13/2024,11:00 PM,3.2
3/13/2024,24:00 AM,3.0
3/14/2024,1:00 AM,2.6
3/14/2024,2:00 AM,2.7
3/14/2024,3:00 AM,2.6
3/14/2024,4:00 AM,2.4
3/14/2024,5:00 AM,2.4
3/14/2024,6:00 AM,2.5
3/14/2024,7:00 AM,2.3
3/14/2024,8:00 AM,1.9
3/14/2024,9:00 AM,2.3
3/14/2024,10:00 AM,3.1
3/14/2024,11:00 AM,2.6
3/14/2024,12:00 PM,2.9
3/14/2024,1:00 PM,3.2
3/14/2024,2:00 PM,3.2
3/14/2024,3:00 PM,3.8
3/14/2024,4:00 PM,3.7
3/14/2024,5:00 PM,3.2
3/14/2024,6:00 PM,2.3
3/14/2024,7:00 PM,2.5
3/14/2024,8:00 PM,1.8
3/14/2024,9:00 PM,1.9
3/14/2024,10:00 PM,1.8
3/14/2024,11:00 PM,1.7
3/14/2024,24:00 AM,1.7
3/15/2024,1:00 AM,1.7
3/15/2024,2:00 AM,2.4
3/15/2024,3:00 AM,2.1
3/15/2024,4:00 AM,1.9
3/15/2024,5:00 AM,1.8
3/15/2024,6:00 AM,1.9
3/15/2024,7:00 AM,2.0
3/15/2024,8:00 AM,2.0
3/15/2024,9:00 AM,2.1
3/15/2024,10:00 AM,2.7
3/15/2024,11:00 AM,2.5
3/15/2024,12:00 PM,2.7
3/15/2024,1:00 PM,2.9
3/15/2024,2:00 PM,2.7
3/15/2024,3:00 PM,2.7
3/15/2024,4:00 PM,3.0
3/15/2024,5:00 PM,2.9
3/15/2024,6:00 PM,2.4
3/15/2024,7:00 PM,2.2
3/15/2024,8:00 PM,2.0
3/15/2024,9:00 PM,2.1
3/15/2024,10:00 PM,2.1
3/15/2024,11:00 PM,2.0
3/15/2024,24:00 AM,2.0
3/16/2024,1:00 AM,2.4
3/16/2024,2:00 AM,3.3
3/16/2024,3:00 AM,3.3
3/16/2024,4:00 AM,2.5
3/16/2024,5:00 AM,2.4
3/16/2024,6:00 AM,2.5
3/16/2024,7:00 AM,1.7
3/16/2024,8:00 AM,2.3
3/16/2024,9:00 AM,2.5
3/16/2024,10:00 AM,2.9
3/16/2024,11:00 AM,3.2
3/16/2024,12:00 PM,3.8
3/16/2024,1:00 PM,3.8
3/16/2024,2:00 PM,3.2
3/16/2024,3:00 PM,3.5
3/16/2024,4:00 PM,4.3
3/16/2024,5:00 PM,5.9
3/16/2024,6:00 PM,7.5
3/16/2024,7:00 PM,7.7
3/16/2024,8:00 PM,6.2
3/16/2024,9:00 PM,4.2
3/16/2024,10:00 PM,4.1
3/16/2024,11:00 PM,3.5
3/16/2024,24:00 AM,3.5
3/17/2024,1:00 AM,3.9
3/17/2024,2:00 AM,3.5
3/17/2024,3:00 AM,3.4
3/17/2024,4:00 AM,3.1
3/17/2024,5:00 AM,3.5
3/17/2024,6:00 AM,2.8
3/17/2024,7:00 AM,2.9
3/17/2024,8:00 AM,3.0
3/17/2024,9:00 AM,3.7
3/17/2024,10:00 AM,3.5
3/17/2024,11:00 AM,3.9
3/17/2024,12:00 PM,3.6
3/17/2024,1:00 PM,4.4
3/17/2024,2:00 PM,4.3
3/17/2024,3:00 PM,4.6
3/17/2024,4:00 PM,4.7
3/17/2024,5:00 PM,6.8
3/17/2024,6:00 PM,7.7
3/17/2024,7:00 PM,7.6
3/17/2024,8:00 PM,6.3
3/17/2024,9:00 PM,5.3
3/17/2024,10:00 PM,3.2
3/17/2024,11:00 PM,2.2
3/17/2024,24:00 AM,1.7
3/18/2024,1:00 AM,2.4
3/18/2024,2:00 AM,2.9
3/18/2024,3:00 AM,3.2
3/18/2024,4:00 AM,3.8
3/18/2024,5:00 AM,3.0
3/18/2024,6:00 AM,4.3
3/18/2024,7:00 AM,3.5
3/18/2024,8:00 AM,2.8
3/18/2024,9:00 AM,3.0
3/18/2024,10:00 AM,3.9
3/18/2024,11:00 AM,3.9
3/18/2024,12:00 PM,3.8
3/18/2024,1:00 PM,3.4
3/18/2024,2:00 PM,3.6
3/18/2024,3:00 PM,4.4
3/18/2024,4:00 PM,3.3
3/18/2024,5:00 PM,3.4
3/18/2024,6:00 PM,3.2
3/18/2024,7:00 PM,2.9
3/18/2024,8:00 PM,2.4
3/18/2024,9:00 PM,2.7
3/18/2024,10:00 PM,2.1
3/18/2024,11:00 PM,1.9
3/18/2024,24:00 AM,1.7
3/19/2024,1:00 AM,2.0
3/19/2024,2:00 AM,1.9
3/19/2024,3:00 AM,2.0
3/19/2024,4:00 AM,2.3
3/19/2024,5:00 AM,2.4
3/19/2024,6:00 AM,2.4
3/19/2024,7:00 AM,1.9
3/19/2024,8:00 AM,2.7
3/19/2024,9:00 AM,5.0
3/19/2024,10:00 AM,6.6
3/19/2024,11:00 AM,5.1
3/19/2024,12:00 PM,5.0
3/19/2024,1:00 PM,4.3
3/19/2024,2:00 PM,4.0
3/19/2024,3:00 PM,4.0
3/19/2024,4:00 PM,3.2
3/19/2024,5:00 PM,3.5
3/19/2024,6:00 PM,4.0
3/19/2024,7:00 PM,3.7
3/19/2024,8:00 PM,2.6
3/19/2024,9:00 PM,3.4
3/19/2024,10:00 PM,2.5
3/19/2024,11:00 PM,2.8
3/19/2024,24:00 AM,2.1
3/20/2024,1:00 AM,2.2
3/20/2024,2:00 AM,1.0
3/20/2024,3:00 AM,1.9
3/20/2024,4:00 AM,1.4
3/20/2024,5:00 AM,1.3
3/20/2024,6:00 AM,0.9
3/20/2024,7:00 AM,0.5
3/20/2024,8:00 AM,0.9
3/20/2024,9:00 AM,1.2
3/20/2024,10:00 AM,0.9
3/20/2024,11:00 AM,1.3
3/20/2024,12:00 PM,1.6
3/20/2024,1:00 PM,1.6
3/20/2024,2:00 PM,1.8
3/20/2024,3:00 PM,2.0
3/20/2024,4:00 PM,2.1
3/20/2024,5:00 PM,2.7
3/20/2024,6:00 PM,3.7
3/20/2024,7:00 PM,4.7
3/20/2024,8:00 PM,4.2
3/20/2024,9:00 PM,2.3
3/20/2024,10:00 PM,1.9
3/20/2024,11:00 PM,1.9
3/20/2024,24:00 AM,1.5
3/21/2024,1:00 AM,2.7
3/21/2024,2:00 AM,2.9
3/21/2024,3:00 AM,3.1
3/21/2024,4:00 AM,2.3
3/21/2024,5:00 AM,1.4
3/21/2024,6:00 AM,1.2
3/21/2024,7:00 AM,1.2
3/21/2024,8:00 AM,1.1
3/21/2024,9:00 AM,2.1
3/21/2024,10:00 AM,
3/21/2024,11:00 AM,
3/21/2024,12:00 PM,
3/21/2024,1:00 PM,1.7
3/21/2024,2:00 PM,2.0
3/21/2024,3:00 PM,2.2
3/21/2024,4:00 PM,2.0
3/21/2024,5:00 PM,3.7
3/21/2024,6:00 PM,6.1
3/21/2024,7:00 PM,4.5
3/21/2024,8:00 PM,4.8
3/21/2024,9:00 PM,4.1
3/21/2024,10:00 PM,3.8
3/21/2024,11:00 PM,4.8
3/21/2024,24:00 AM,2.9
3/22/2024,1:00 AM,3.3
3/22/2024,2:00 AM,5.7
3/22/2024,3:00 AM,3.2
3/22/2024,4:00 AM,2.6
3/22/2024,5:00 AM,2.8
3/22/2024,6:00 AM,3.3
3/22/2024,7:00 AM,4.0
3/22/2024,8:00 AM,4.1
3/22/2024,9:00 AM,3.4
3/22/2024,10:00 AM,2.9
3/22/2024,11:00 AM,3.5
3/22/2024,12:00 PM,2.3
3/22/2024,1:00 PM,2.1
3/22/2024,2:00 PM,1.6
3/22/2024,3:00 PM,1.6
3/22/2024,4:00 PM,2.0
3/22/2024,5:00 PM,2.1
3/22/2024,6:00 PM,1.8
3/22/2024,7:00 PM,1.8
3/22/2024,8:00 PM,1.9
3/22/2024,9:00 PM,2.3
3/22/2024,10:00 PM,1.5
3/22/2024,11:00 PM,1.4
3/22/2024,24:00 AM,1.2
3/23/2024,1:00 AM,1.4
3/23/2024,2:00 AM,1.7
3/23/2024,3:00 AM,2.3
3/23/2024,4:00 AM,2.1
3/23/2024,5:00 AM,1.8
3/23/2024,6:00 AM,2.3
3/23/2024,7:00 AM,1.6
3/23/2024,8:00 AM,1.8
3/23/2024,9:00 AM,2.2
3/23/2024,10:00 AM,2.9
3/23/2024,11:00 AM,3.3
3/23/2024,12:00 PM,3.8
3/23/2024,1:00 PM,5.5
3/23/2024,2:00 PM,5.5
3/23/2024,3:00 PM,5.2
3/23/2024,4:00 PM,5.4
3/23/2024,5:00 PM,7.0
3/23/2024,6:00 PM,8.3
3/23/2024,7:00 PM,7.4
3/23/2024,8:00 PM,8.3
3/23/2024,9:00 PM,10.4
3/23/2024,10:00 PM,7.8
3/23/2024,11:00 PM,8.1
3/23/2024,24:00 AM,6.3
3/24/2024,1:00 AM,7.9
3/24/2024,2:00 AM,7.1
3/24/2024,3:00 AM,6.4
3/24/2024,4:00 AM,6.6
3/24/2024,5:00 AM,7.1
3/24/2024,6:00 AM,8.2
3/24/2024,7:00 AM,8.2
3/24/2024,8:00 AM,6.3
3/24/2024,9:00 AM,5.8
3/24/2024,10:00 AM,6.3
3/24/2024,11:00 AM,4.4
3/24/2024,12:00 PM,3.8
3/24/2024,1:00 PM,3.3
3/24/2024,2:00 PM,4.8
3/24/2024,3:00 PM,4.8
3/24/2024,4:00 PM,5.5
3/24/2024,5:00 PM,8.5
3/24/2024,6:00 PM,9.5
3/24/2024,7:00 PM,8.1
3/24/2024,8:00 PM,6.4
3/24/2024,9:00 PM,5.9
3/24/2024,10:00 PM,5.3
3/24/2024,11:00 PM,4.9
3/24/2024,24:00 AM,4.9
3/25/2024,1:00 AM,6.3
3/25/2024,2:00 AM,6.8
3/25/2024,3:00 AM,9.3
3/25/2024,4:00 AM,8.3
3/25/2024,5:00 AM,9.7
3/25/2024,6:00 AM,9.6
3/25/2024,7:00 AM,7.6
3/25/2024,8:00 AM,8.0
3/25/2024,9:00 AM,7.7
3/25/2024,10:00 AM,7.7
3/25/2024,11:00 AM,8.1
3/25/2024,12:00 PM,7.7
3/25/2024,1:00 PM,7.0
3/25/2024,2:00 PM,7.6
3/25/2024,3:00 PM,7.0
3/25/2024,4:00 PM,6.7
3/25/2024,5:00 PM,8.1
3/25/2024,6:00 PM,9.8
3/25/2024,7:00 PM,10.4
3/25/2024,8:00 PM,9.5
3/25/2024,9:00 PM,9.4
3/25/2024,10:00 PM,9.7
3/25/2024,11:00 PM,9.3
3/25/2024,24:00 AM,8.8
3/26/2024,1:00 AM,8.9
3/26/2024,2:00 AM,9.7
3/26/2024,3:00 AM,8.7
3/26/2024,4:00 AM,7.1
3/26/2024,5:00 AM,9.5
3/26/2024,6:00 AM,10.8
3/26/2024,7:00 AM,8.8
3/26/2024,8:00 AM,7.0
3/26/2024,9:00 AM,7.8
3/26/2024,10:00 AM,8.0
3/26/2024,11:00 AM,6.4
3/26/2024,12:00 PM,5.9
3/26/2024,1:00 PM,4.8
3/26/2024,2:00 PM,3.6
3/26/2024,3:00 PM,3.8
3/26/2024,4:00 PM,4.0
3/26/2024,5:00 PM,5.1
3/26/2024,6:00 PM,5.5
3/26/2024,7:00 PM,5.2
3/26/2024,8:00 PM,3.6
3/26/2024,9:00 PM,2.6
3/26/2024,10:00 PM,3.1
3/26/2024,11:00 PM,2.9
3/26/2024,24:00 AM,3.0
3/27/2024,1:00 AM,5.4
3/27/2024,2:00 AM,9.6
3/27/2024,3:00 AM,5.2
3/27/2024,4:00 AM,3.8
3/27/2024,5:00 AM,4.3
3/27/2024,6:00 AM,4.8
3/27/2024,7:00 AM,5.1
3/27/2024,8:00 AM,4.6
3/27/2024,9:00 AM,5.6
3/27/2024,10:00 AM,5.5
3/27/2024,11:00 AM,5.5
3/27/2024,12:00 PM,5.5
3/27/2024,1:00 PM,5.5
3/27/2024,2:00 PM,4.1
3/27/2024,3:00 PM,4.0
3/27/2024,4:00 PM,4.7
3/27/2024,5:00 PM,5.1
3/27/2024,6:00 PM,6.2
3/27/2024,7:00 PM,6.5
3/27/2024,8:00 PM,5.7
3/27/2024,9:00 PM,5.1
3/27/2024,10:00 PM,6.5
3/27/2024,11:00 PM,7.0
3/27/2024,24:00 AM,5.7
3/28/2024,1:00 AM,6.2
3/28/2024,2:00 AM,8.1
3/28/2024,3:00 AM,8.3
3/28/2024,4:00 AM,6.5
3/28/2024,5:00 AM,6.4
3/28/2024,6:00 AM,7.4
3/28/2024,7:00 AM,6.8
3/28/2024,8:00 AM,6.2
3/28/2024,9:00 AM,6.3
3/28/2024,10:00 AM,6.2
3/28/2024,11:00 AM,5.9
3/28/2024,12:00 PM,5.5
3/28/2024,1:00 PM,5.3
3/28/2024,2:00 PM,4.8
3/28/2024,3:00 PM,4.5
3/28/2024,4:00 PM,3.9
3/28/2024,5:00 PM,3.5
3/28/2024,6:00 PM,3.8
3/28/2024,7:00 PM,3.4
3/28/2024,8:00 PM,2.8
3/28/2024,9:00 PM,3.4
3/28/2024,10:00 PM,3.1
3/28/2024,11:00 PM,2.2
3/28/2024,24:00 AM,2.0
3/29/2024,1:00 AM,1.5
3/29/2024,2:00 AM,2.1
3/29/2024,3:00 AM,2.2
3/29/2024,4:00 AM,2.3
3/29/2024,5:00 AM,2.6
3/29/2024,6:00 AM,4.2
3/29/2024,7:00 AM,2.8
3/29/2024,8:00 AM,3.1
3/29/2024,9:00 AM,3.3
3/29/2024,10:00 AM,4.5
3/29/2024,11:00 AM,7.4
3/29/2024,12:00 PM,6.3
3/29/2024,1:00 PM,5.5
3/29/2024,2:00 PM,4.8
3/29/2024,3:00 PM,3.4
3/29/2024,4:00 PM,4.6
3/29/2024,5:00 PM,4.2
3/29/2024,6:00 PM,2.1
3/29/2024,7:00 PM,2.8
3/29/2024,8:00 PM,1.9
3/29/2024,9:00 PM,1.8
3/29/2024,10:00 PM,1.8
3/29/2024,11:00 PM,2.4
3/29/2024,24:00 AM,2.0
3/30/2024,1:00 AM,3.1
3/30/2024,2:00 AM,2.6
3/30/2024,3:00 AM,3.5
3/30/2024,4:00 AM,2.5
3/30/2024,5:00 AM,2.7
3/30/2024,6:00 AM,3.9
3/30/2024,7:00 AM,3.2
3/30/2024,8:00 AM,2.9
3/30/2024,9:00 AM,3.6
3/30/2024,10:00 AM,3.4
3/30/2024,11:00 AM,3.4
3/30/2024,12:00 PM,3.9
3/30/2024,1:00 PM,3.9
3/30/2024,2:00 PM,3.9
3/30/2024,3:00 PM,4.0
3/30/2024,4:00 PM,3.6
3/30/2024,5:00 PM,3.5
3/30/2024,6:00 PM,3.4
3/30/2024,7:00 PM,4.3
3/30/2024,8:00 PM,3.0
3/30/2024,9:00 PM,3.1
3/30/2024,10:00 PM,4.6
3/30/2024,11:00 PM,2.7
3/30/2024,24:00 AM,2.2
3/31/2024,1:00 AM,2.2
3/31/2024,2:00 AM,1.8
3/31/2024,3:00 AM,1.5
3/31/2024,4:00 AM,2.5
3/31/2024,5:00 AM,2.3
3/31/2024,6:00 AM,3.5
3/31/2024,7:00 AM,2.1
3/31/2024,8:00 AM,2.4
3/31/2024,9:00 AM,2.1
3/31/2024,10:00 AM,1.9
3/31/2024,11:00 AM,2.3
3/31/2024,12:00 PM,2.4
3/31/2024,1:00 PM,2.4
3/31/2024,2:00 PM,3.4
3/31/2024,3:00 PM,4.5
3/31/2024,4:00 PM,5.5
3/31/2024,5:00 PM,3.0
3/31/2024,6:00 PM,1.8
3/31/2024,7:00 PM,1.4
3/31/2024,8:00 PM,1.1
3/31/2024,9:00 PM,0.9
3/31/2024,10:00 PM,0.8
3/31/2024,11:00 PM,0.9
3/31/2024,24:00 AM,1.1
4/1/2024,1:00 AM,1.7
4/1/2024,2:00 AM,2.2
4/1/2024,3:00 AM,2.5
4/1/2024,4:00 AM,2.4
4/1/2024,5:00 AM,2.1
4/1/2024,6:00 AM,2.2
4/1/2024,7:00 AM,2.1
4/1/2024,8:00 AM,2.3
4/1/2024,9:00 AM,2.9
4/1/2024,10:00 AM,3.8
4/1/2024,11:00 AM,3.9
4/1/2024,12:00 PM,3.7
4/1/2024,1:00 PM,3.1
4/1/2024,2:00 PM,2.7
4/1/2024,3:00 PM,2.1
4/1/2024,4:00 PM,2.2
4/1/2024,5:00 PM,2.2
4/1/2024,6:00 PM,2.4
4/1/2024,7:00 PM,1.2
4/1/2024,8:00 PM,1.2
4/1/2024,9:00 PM,1.2
4/1/2024,10:00 PM,1.3
4/1/2024,11:00 PM,1.3
4/1/2024,24:00 AM,1.4
4/2/2024,1:00 AM,1.9
4/2/2024,2:00 AM,2.3
4/2/2024,3:00 AM,2.1
4/2/2024,4:00 AM,2.2
4/2/2024,5:00 AM,2.1
4/2/2024,6:00 AM,1.9
4/2/2024,7:00 AM,2.0
4/2/2024,8:00 AM,2.5
4/2/2024,9:00 AM,2.9
4/2/2024,10:00 AM,2.5
4/2/2024,11:00 AM,3.0
4/2/2024,12:00 PM,2.6
4/2/2024,1:00 PM,2.8
4/2/2024,2:00 PM,2.5
4/2/2024,3:00 PM,2.8
4/2/2024,4:00 PM,2.2
4/2/2024,5:00 PM,2.6
4/2/2024,6:00 PM,2.8
4/2/2024,7:00 PM,2.5
4/2/2024,8:00 PM,2.0
4/2/2024,9:00 PM,1.5
4/2/2024,10:00 PM,1.5
4/2/2024,11:00 PM,1.3
4/2/2024,24:00 AM,1.3
4/3/2024,1:00 AM,1.4
4/3/2024,2:00 AM,1.9
4/3/2024,3:00 AM,1.3
4/3/2024,4:00 AM,1.9
4/3/2024,5:00 AM,1.5
4/3/2024,6:00 AM,2.7
4/3/2024,7:00 AM,2.8
4/3/2024,8:00 AM,3.2
4/3/2024,9:00 AM,3.6
4/3/2024,10:00 AM,4.0
4/3/2024,11:00 AM,4.5
4/3/2024,12:00 PM,3.7
4/3/2024,1:00 PM,2.3
4/3/2024,2:00 PM,2.4
4/3/2024,3:00 PM,2.5
4/3/2024,4:00 PM,1.5
4/3/2024,5:00 PM,2.3
4/3/2024,6:00 PM,2.2
4/3/2024,7:00 PM,1.9
4/3/2024,8:00 PM,1.9
4/3/2024,9:00 PM,2.2
4/3/2024,10:00 PM,2.2
4/3/2024,11:00 PM,1.6
4/3/2024,24:00 AM,2.3
4/4/2024,1:00 AM,2.2
4/4/2024,2:00 AM,1.2
4/4/2024,3:00 AM,1.6
4/4/2024,4:00 AM,2.7
4/4/2024,5:00 AM,2.6
4/4/2024,6:00 AM,3.3
4/4/2024,7:00 AM,2.2
4/4/2024,8:00 AM,2.1
4/4/2024,9:00 AM,2.1
4/4/2024,10:00 AM,1.6
4/4/2024,11:00 AM,1.9
4/4/2024,12:00 PM,2.7
4/4/2024,1:00 PM,2.7
4/4/2024,2:00 PM,3.5
4/4/2024,3:00 PM,3.0
4/4/2024,4:00 PM,1.9
4/4/2024,5:00 PM,3.0
4/4/2024,6:00 PM,3.9
4/4/2024,7:00 PM,3.3
4/4/2024,8:00 PM,2.8
4/4/2024,9:00 PM,2.7
4/4/2024,10:00 PM,3.0
4/4/2024,11:00 PM,3.0
4/4/2024,24:00 AM,2.7
4/5/2024,1:00 AM,3.1
4/5/2024,2:00 AM,3.8
4/5/2024,3:00 AM,3.7
4/5/2024,4:00 AM,3.7
4/5/2024,5:00 AM,2.9
4/5/2024,6:00 AM,3.0
4/5/2024,7:00 AM,2.5
4/5/2024,8:00 AM,2.3
4/5/2024,9:00 AM,2.1
4/5/2024,10:00 AM,3.7
4/5/2024,11:00 AM,4.0
4/5/2024,12:00 PM,3.5
4/5/2024,1:00 PM,3.6
4/5/2024,2:00 PM,2.4
4/5/2024,3:00 PM,2.6
4/5/2024,4:00 PM,3.2
4/5/2024,5:00 PM,2.8
4/5/2024,6:00 PM,4.3
4/5/2024,7:00 PM,5.5
4/5/2024,8:00 PM,6.3
4/5/2024,9:00 PM,5.7
4/5/2024,10:00 PM,5.1
4/5/2024,11:00 PM,5.0
4/5/2024,24:00 AM,5.6
4/6/2024,1:00 AM,6.8
4/6/2024,2:00 AM,8.0
4/6/2024,3:00 AM,9.0
4/6/2024,4:00 AM,8.2
4/6/2024,5:00 AM,7.8
4/6/2024,6:00 AM,8.9
4/6/2024,7:00 AM,7.3
4/6/2024,8:00 AM,7.8
4/6/2024,9:00 AM,4.8
4/6/2024,10:00 AM,4.4
4/6/2024,11:00 AM,4.3
4/6/2024,12:00 PM,3.2
4/6/2024,1:00 PM,3.0
4/6/2024,2:00 PM,3.0
4/6/2024,3:00 PM,3.8
4/6/2024,4:00 PM,3.8
4/6/2024,5:00 PM,3.4
4/6/2024,6:00 PM,3.3
4/6/2024,7:00 PM,3.2
4/6/2024,8:00 PM,2.0
4/6/2024,9:00 PM,1.3
4/6/2024,10:00 PM,1.5
4/6/2024,11:00 PM,1.4
4/6/2024,24:00 AM,1.3
4/7/2024,1:00 AM,1.2
4/7/2024,2:00 AM,1.3
4/7/2024,3:00 AM,1.4
4/7/2024,4:00 AM,1.5
4/7/2024,5:00 AM,1.3
4/7/2024,6:00 AM,1.3
4/7/2024,7:00 AM,1.8
4/7/2024,8:00 AM,3.5
4/7/2024,9:00 AM,3.3
4/7/2024,10:00 AM,2.6
4/7/2024,11:00 AM,3.2
4/7/2024,12:00 PM,2.9
4/7/2024,1:00 PM,2.7
4/7/2024,2:00 PM,2.1
4/7/2024,3:00 PM,1.8
4/7/2024,4:00 PM,1.7
4/7/2024,5:00 PM,2.1
4/7/2024,6:00 PM,2.8
4/7/2024,7:00 PM,2.7
4/7/2024,8:00 PM,2.4
4/7/2024,9:00 PM,2.5
4/7/2024,10:00 PM,2.4
4/7/2024,11:00 PM,2.5
4/7/2024,24:00 AM,2.4
4/8/2024,1:00 AM,2.3
4/8/2024,2:00 AM,2.2
4/8/2024,3:00 AM,2.3
4/8/2024,4:00 AM,2.1
4/8/2024,5:00 AM,1.9
4/8/2024,6:00 AM,1.8
4/8/2024,7:00 AM,1.7
4/8/2024,8:00 AM,2.0
4/8/2024,9:00 AM,3.4
4/8/2024,10:00 AM,3.9
4/8/2024,11:00 AM,3.5
4/8/2024,12:00 PM,2.8
4/8/2024,1:00 PM,2.5
4/8/2024,2:00 PM,2.2
4/8/2024,3:00 PM,2.1
4/8/2024,4:00 PM,1.6
4/8/2024,5:00 PM,1.6
4/8/2024,6:00 PM,1.8
4/8/2024,7:00 PM,1.3
4/8/2024,8:00 PM,1.7
4/8/2024,9:00 PM,1.6
4/8/2024,10:00 PM,1.7
4/8/2024,11:00 PM,1.8
4/8/2024,24:00 AM,1.8
4/9/2024,1:00 AM,1.7
4/9/2024,2:00 AM,1.6
4/9/2024,3:00 AM,1.3
4/9/2024,4:00 AM,1.3
4/9/2024,5:00 AM,1.3
4/9/2024,6:00 AM,1.3
4/9/2024,7:00 AM,1.4
4/9/2024,8:00 AM,1.7
4/9/2024,9:00 AM,1.8
4/9/2024,10:00 AM,1.7
4/9/2024,11:00 AM,1.7
4/9/2024,12:00 PM,1.7
4/9/2024,1:00 PM,2.0
4/9/2024,2:00 PM,1.5
4/9/2024,3:00 PM,1.2
4/9/2024,4:00 PM,1.0
4/9/2024,5:00 PM,0.7
4/9/2024,6:00 PM,0.6
4/9/2024,7:00 PM,0.8
4/9/2024,8:00 PM,0.6
4/9/2024,9:00 PM,0.8
4/9/2024,10:00 PM,0.8
4/9/2024,11:00 PM,1.0
4/9/2024,24:00 AM,0.9
4/10/2024,1:00 AM,0.6
4/10/2024,2:00 AM,0.6
4/10/2024,3:00 AM,0.7
4/10/2024,4:00 AM,0.8
4/10/2024,5:00 AM,0.7
4/10/2024,6:00 AM,1.3
4/10/2024,7:00 AM,1.4
4/10/2024,8:00 AM,1.3
4/10/2024,9:00 AM,1.4
4/10/2024,10:00 AM,1.6
4/10/2024,11:00 AM,1.1
4/10/2024,12:00 PM,1.0
4/10/2024,1:00 PM,1.2
4/10/2024,2:00 PM,1.2
4/10/2024,3:00 PM,1.3
4/10/2024,4:00 PM,1.5
4/10/2024,5:00 PM,2.2
4/10/2024,6:00 PM,1.2
4/10/2024,7:00 PM,1.6
4/10/2024,8:00 PM,1.5
4/10/2024,9:00 PM,1.3
4/10/2024,10:00 PM,1.5
4/10/2024,11:00 PM,1.5
4/10/2024,24:00 AM,1.5
4/11/2024,1:00 AM,1.5
4/11/2024,2:00 AM,1.3
4/11/2024,3:00 AM,0.9
4/11/2024,4:00 AM,1.3
4/11/2024,5:00 AM,1.0
4/11/2024,6:00 AM,1.3
4/11/2024,7:00 AM,1.3
4/11/2024,8:00 AM,1.8
4/11/2024,9:00 AM,2.0
4/11/2024,10:00 AM,2.3
4/11/2024,11:00 AM,2.6
4/11/2024,12:00 PM,2.8
4/11/2024,1:00 PM,3.0
4/11/2024,2:00 PM,3.1
4/11/2024,3:00 PM,3.5
4/11/2024,4:00 PM,3.7
4/11/2024,5:00 PM,3.0
4/11/2024,6:00 PM,4.3
4/11/2024,7:00 PM,3.0
4/11/2024,8:00 PM,3.2
4/11/2024,9:00 PM,3.9
4/11/2024,10:00 PM,3.8
4/11/2024,11:00 PM,3.6
4/11/2024,24:00 AM,3.5
4/12/2024,1:00 AM,4.0
4/12/2024,2:00 AM,4.7
4/12/2024,3:00 AM,4.7
4/12/2024,4:00 AM,3.9
4/12/2024,5:00 AM,3.7
4/12/2024,6:00 AM,3.8
4/12/2024,7:00 AM,3.3
4/12/2024,8:00 AM,3.1
4/12/2024,9:00 AM,3.7
4/12/2024,10:00 AM,3.7
4/12/2024,11:00 AM,3.0
4/12/2024,12:00 PM,2.2
4/12/2024,1:00 PM,2.3
4/12/2024,2:00 PM,2.1
4/12/2024,3:00 PM,1.6
4/12/2024,4:00 PM,1.8
4/12/2024,5:00 PM,1.7
4/12/2024,6:00 PM,2.2
4/12/2024,7:00 PM,2.2
4/12/2024,8:00 PM,1.9
4/12/2024,9:00 PM,1.5
4/12/2024,10:00 PM,1.3
4/12/2024,11:00 PM,1.1
4/12/2024,24:00 AM,1.1
4/13/2024,1:00 AM,1.6
4/13/2024,2:00 AM,1.5
4/13/2024,3:00 AM,1.3
4/13/2024,4:00 AM,1.2
4/13/2024,5:00 AM,0.9
4/13/2024,6:00 AM,1.2
4/13/2024,7:00 AM,1.7
4/13/2024,8:00 AM,2.3
4/13/2024,9:00 AM,2.8
4/13/2024,10:00 AM,2.7
4/13/2024,11:00 AM,2.3
4/13/2024,12:00 PM,2.5
4/13/2024,1:00 PM,3.0
4/13/2024,2:00 PM,3.0
4/13/2024,3:00 PM,3.0
4/13/2024,4:00 PM,2.6
4/13/2024,5:00 PM,3.2
4/13/2024,6:00 PM,1.9
4/13/2024,7:00 PM,1.7
4/13/2024,8:00 PM,1.8
4/13/2024,9:00 PM,1.6
4/13/2024,10:00 PM,1.7
4/13/2024,11:00 PM,1.8
4/13/2024,24:00 AM,2.0
4/14/2024,1:00 AM,2.3
4/14/2024,2:00 AM,2.3
4/14/2024,3:00 AM,2.2
4/14/2024,4:00 AM,1.6
4/14/2024,5:00 AM,2.1
4/14/2024,6:00 AM,1.8
4/14/2024,7:00 AM,2.7
4/14/2024,8:00 AM,2.9
4/14/2024,9:00 AM,3.2
4/14/2024,10:00 AM,2.9
4/14/2024,11:00 AM,3.2
4/14/2024,12:00 PM,4.0
4/14/2024,1:00 PM,4.1
4/14/2024,2:00 PM,3.4
4/14/2024,3:00 PM,4.4
4/14/2024,4:00 PM,6.1
4/14/2024,5:00 PM,7.7
4/14/2024,6:00 PM,7.0
4/14/2024,7:00 PM,5.3
4/14/2024,8:00 PM,3.4
4/14/2024,9:00 PM,2.6
4/14/2024,10:00 PM,2.8
4/14/2024,11:00 PM,2.5
4/14/2024,24:00 AM,2.6
4/15/2024,1:00 AM,3.5
4/15/2024,2:00 AM,4.5
4/15/2024,3:00 AM,4.9
4/15/2024,4:00 AM,4.4
4/15/2024,5:00 AM,4.5
4/15/2024,6:00 AM,3.4
4/15/2024,7:00 AM,3.2
4/15/2024,8:00 AM,2.4
4/15/2024,9:00 AM,3.0
4/15/2024,10:00 AM,3.8
4/15/2024,11:00 AM,4.0
4/15/2024,12:00 PM,3.8
4/15/2024,1:00 PM,3.5
4/15/2024,2:00 PM,3.1
4/15/2024,3:00 PM,2.9
4/15/2024,4:00 PM,2.3
4/15/2024,5:00 PM,
4/15/2024,6:00 PM,
4/15/2024,7:00 PM,
4/15/2024,8:00 PM,
4/15/2024,9:00 PM,1.5
4/15/2024,10:00 PM,1.3
4/15/2024,11:00 PM,1.5
4/15/2024,24:00 AM,1.9
4/16/2024,1:00 AM,1.4
4/16/2024,2:00 AM,1.5
4/16/2024,3:00 AM,1.4
4/16/2024,4:00 AM,1.5
4/16/2024,5:00 AM,1.7
4/16/2024,6:00 AM,1.5
4/16/2024,7:00 AM,1.5
4/16/2024,8:00 AM,1.7
4/16/2024,9:00 AM,1.5
4/16/2024,10:00 AM,1.4
4/16/2024,11:00 AM,1.2
4/16/2024,12:00 PM,1.3
4/16/2024,1:00 PM,1.2
4/16/2024,2:00 PM,1.3
4/16/2024,3:00 PM,1.2
4/16/2024,4:00 PM,1.8
4/16/2024,5:00 PM,1.3
4/16/2024,6:00 PM,2.0
4/16/2024,7:00 PM,2.0
4/16/2024,8:00 PM,1.4
4/16/2024,9:00 PM,1.6
4/16/2024,10:00 PM,1.5
4/16/2024,11:00 PM,1.1
4/16/2024,24:00 AM,1.4
4/17/2024,1:00 AM,1.5
4/17/2024,2:00 AM,2.0
4/17/2024,3:00 AM,2.1
4/17/2024,4:00 AM,2.6
4/17/2024,5:00 AM,2.7
4/17/2024,6:00 AM,2.4
4/17/2024,7:00 AM,1.8
4/17/2024,8:00 AM,2.4
4/17/2024,9:00 AM,2.3
4/17/2024,10:00 AM,2.7
4/17/2024,11:00 AM,2.7
4/17/2024,12:00 PM,3.2
4/17/2024,1:00 PM,4.7
4/17/2024,2:00 PM,5.1
4/17/2024,3:00 PM,4.0
4/17/2024,4:00 PM,4.0
4/17/2024,5:00 PM,5.7
4/17/2024,6:00 PM,7.1
4/17/2024,7:00 PM,7.7
4/17/2024,8:00 PM,7.5
4/17/2024,9:00 PM,6.4
4/17/2024,10:00 PM,6.2
4/17/2024,11:00 PM,4.8
4/17/2024,24:00 AM,5.5
4/18/2024,1:00 AM,3.8
4/18/2024,2:00 AM,4.3
4/18/2024,3:00 AM,3.3
4/18/2024,4:00 AM,4.2
4/18/2024,5:00 AM,5.1
4/18/2024,6:00 AM,4.9
4/18/2024,7:00 AM,4.0
4/18/2024,8:00 AM,4.1
4/18/2024,9:00 AM,3.8
4/18/2024,10:00 AM,4.9
4/18/2024,11:00 AM,5.2
4/18/2024,12:00 PM,4.5
4/18/2024,1:00 PM,4.1
4/18/2024,2:00 PM,3.8
4/18/2024,3:00 PM,4.0
4/18/2024,4:00 PM,4.8
4/18/2024,5:00 PM,7.2
4/18/2024,6:00 PM,7.3
4/18/2024,7:00 PM,7.0
4/18/2024,8:00 PM,5.7
4/18/2024,9:00 PM,4.3
4/18/2024,10:00 PM,3.7
4/18/2024,11:00 PM,2.9
4/18/2024,24:00 AM,2.4
4/19/2024,1:00 AM,2.1
4/19/2024,2:00 AM,2.6
4/19/2024,3:00 AM,1.7
4/19/2024,4:00 AM,2.0
4/19/2024,5:00 AM,2.8
4/19/2024,6:00 AM,1.8
4/19/2024,7:00 AM,1.0
4/19/2024,8:00 AM,1.8
4/19/2024,9:00 AM,2.1
4/19/2024,10:00 AM,1.5
4/19/2024,11:00 AM,0.7
4/19/2024,12:00 PM,1.3
4/19/2024,1:00 PM,1.4
4/19/2024,2:00 PM,1.0
4/19/2024,3:00 PM,1.7
4/19/2024,4:00 PM,2.0
4/19/2024,5:00 PM,2.3
4/19/2024,6:00 PM,2.6
4/19/2024,7:00 PM,2.5
4/19/2024,8:00 PM,2.0
4/19/2024,9:00 PM,1.7
4/19/2024,10:00 PM,2.1
4/19/2024,11:00 PM,1.7
4/19/2024,24:00 AM,1.6
4/20/2024,1:00 AM,1.9
4/20/2024,2:00 AM,1.1
4/20/2024,3:00 AM,1.5
4/20/2024,4:00 AM,1.6
4/20/2024,5:00 AM,1.3
4/20/2024,6:00 AM,1.6
4/20/2024,7:00 AM,2.5
4/20/2024,8:00 AM,3.1
4/20/2024,9:00 AM,3.4
4/20/2024,10:00 AM,4.5
4/20/2024,11:00 AM,3.6
4/20/2024,12:00 PM,3.0
4/20/2024,1:00 PM,2.9
4/20/2024,2:00 PM,3.3
4/20/2024,3:00 PM,4.3
4/20/2024,4:00 PM,4.7
4/20/2024,5:00 PM,7.5
4/20/2024,6:00 PM,
4/20/2024,7:00 PM,
4/20/2024,8:00 PM,9.1
4/20/2024,9:00 PM,8.0
4/20/2024,10:00 PM,7.5
4/20/2024,11:00 PM,2.8
4/20/2024,24:00 AM,2.5
4/21/2024,1:00 AM,2.0
4/21/2024,2:00 AM,2.7
4/21/2024,3:00 AM,2.5
4/21/2024,4:00 AM,2.4
4/21/2024,5:00 AM,3.3
4/21/2024,6:00 AM,3.5
4/21/2024,7:00 AM,3.3
4/21/2024,8:00 AM,3.4
4/21/2024,9:00 AM,3.0
4/21/2024,10:00 AM,3.0
4/21/2024,11:00 AM,4.2
4/21/2024,12:00 PM,5.0
4/21/2024,1:00 PM,4.4
4/21/2024,2:00 PM,3.7
4/21/2024,3:00 PM,5.3
4/21/2024,4:00 PM,5.9
4/21/2024,5:00 PM,7.4
4/21/2024,6:00 PM,8.4
4/21/2024,7:00 PM,9.1
4/21/2024,8:00 PM,8.2
4/21/2024,9:00 PM,6.9
4/21/2024,10:00 PM,4.9
4/21/2024,11:00 PM,5.0
4/21/2024,24:00 AM,4.6
4/22/2024,1:00 AM,4.7
4/22/2024,2:00 AM,5.1
4/22/2024,3:00 AM,5.0
4/22/2024,4:00 AM,5.0
4/22/2024,5:00 AM,5.4
4/22/2024,6:00 AM,5.2
4/22/2024,7:00 AM,4.6
4/22/2024,8:00 AM,4.5
4/22/2024,9:00 AM,4.1
4/22/2024,10:00 AM,3.6
4/22/2024,11:00 AM,3.2
4/22/2024,12:00 PM,3.3
4/22/2024,1:00 PM,3.8
4/22/2024,2:00 PM,5.1
4/22/2024,3:00 PM,7.4
4/22/2024,4:00 PM,
4/22/2024,5:00 PM,
4/22/2024,6:00 PM,
4/22/2024,7:00 PM,8.6
4/22/2024,8:00 PM,7.0
4/22/2024,9:00 PM,4.6
4/22/2024,10:00 PM,3.5
4/22/2024,11:00 PM,2.2
4/22/2024,24:00 AM,1.2
4/23/2024,1:00 AM,1.1
4/23/2024,2:00 AM,1.0
4/23/2024,3:00 AM,1.2
4/23/2024,4:00 AM,0.9
4/23/2024,5:00 AM,1.2
4/23/2024,6:00 AM,1.7
4/23/2024,7:00 AM,1.5
4/23/2024,8:00 AM,1.8
4/23/2024,9:00 AM,3.3
4/23/2024,10:00 AM,3.5
4/23/2024,11:00 AM,2.4
4/23/2024,12:00 PM,2.4
4/23/2024,1:00 PM,2.9
4/23/2024,2:00 PM,4.1
4/23/2024,3:00 PM,5.1
4/23/2024,4:00 PM,
4/23/2024,5:00 PM,
4/23/2024,6:00 PM,
4/23/2024,7:00 PM,
4/23/2024,8:00 PM,9.9
4/23/2024,9:00 PM,7.2
4/23/2024,10:00 PM,5.2
4/23/2024,11:00 PM,3.0
4/23/2024,24:00 AM,1.7
4/24/2024,1:00 AM,1.8
4/24/2024,2:00 AM,1.8
4/24/2024,3:00 AM,2.2
4/24/2024,4:00 AM,2.4
4/24/2024,5:00 AM,2.1
4/24/2024,6:00 AM,2.5
4/24/2024,7:00 AM,2.0
4/24/2024,8:00 AM,1.5
4/24/2024,9:00 AM,1.6
4/24/2024,10:00 AM,1.7
4/24/2024,11:00 AM,1.5
4/24/2024,12:00 PM,1.4
4/24/2024,1:00 PM,1.5
4/24/2024,2:00 PM,1.6
4/24/2024,3:00 PM,2.2
4/24/2024,4:00 PM,2.8
4/24/2024,5:00 PM,2.1
4/24/2024,6:00 PM,1.2
4/24/2024,7:00 PM,1.7
4/24/2024,8:00 PM,0.9
4/24/2024,9:00 PM,1.0
4/24/2024,10:00 PM,1.1
4/24/2024,11:00 PM,1.1
4/24/2024,24:00 AM,1.1
4/25/2024,1:00 AM,1.1
4/25/2024,2:00 AM,1.2
4/25/2024,3:00 AM,1.2
4/25/2024,4:00 AM,1.2
4/25/2024,5:00 AM,1.3
4/25/2024,6:00 AM,1.6
4/25/2024,7:00 AM,1.7
4/25/2024,8:00 AM,1.8
4/25/2024,9:00 AM,1.9
4/25/2024,10:00 AM,2.2
4/25/2024,11:00 AM,1.7
4/25/2024,12:00 PM,1.5
4/25/2024,1:00 PM,1.3
4/25/2024,2:00 PM,1.9
4/25/2024,3:00 PM,2.1
4/25/2024,4:00 PM,1.6
4/25/2024,5:00 PM,1.6
4/25/2024,6:00 PM,1.5
4/25/2024,7:00 PM,1.8
4/25/2024,8:00 PM,1.6
4/25/2024,9:00 PM,1.6
4/25/2024,10:00 PM,1.7
4/25/2024,11:00 PM,1.7
4/25/2024,24:00 AM,1.7
4/26/2024,1:00 AM,2.0
4/26/2024,2:00 AM,2.5
4/26/2024,3:00 AM,2.5
4/26/2024,4:00 AM,2.3
4/26/2024,5:00 AM,1.8
4/26/2024,6:00 AM,2.1
4/26/2024,7:00 AM,2.1
4/26/2024,8:00 AM,2.1
4/26/2024,9:00 AM,2.2
4/26/2024,10:00 AM,2.4
4/26/2024,11:00 AM,2.2
4/26/2024,12:00 PM,2.8
4/26/2024,1:00 PM,2.3
4/26/2024,2:00 PM,2.7
4/26/2024,3:00 PM,2.6
4/26/2024,4:00 PM,2.6
4/26/2024,5:00 PM,3.5
4/26/2024,6:00 PM,3.6
4/26/2024,7:00 PM,3.7
4/26/2024,8:00 PM,3.4
4/26/2024,9:00 PM,3.3
4/26/2024,10:00 PM,2.5
4/26/2024,11:00 PM,2.8
4/26/2024,24:00 AM,3.4
4/27/2024,1:00 AM,4.3
4/27/2024,2:00 AM,4.9
4/27/2024,3:00 AM,5.8
4/27/2024,4:00 AM,5.4
4/27/2024,5:00 AM,4.9
4/27/2024,6:00 AM,4.2
4/27/2024,7:00 AM,4.3
4/27/2024,8:00 AM,3.8
4/27/2024,9:00 AM,3.5
4/27/2024,10:00 AM,4.1
4/27/2024,11:00 AM,3.5
4/27/2024,12:00 PM,2.7
4/27/2024,1:00 PM,3.0
4/27/2024,2:00 PM,3.7
4/27/2024,3:00 PM,5.2
4/27/2024,4:00 PM,
4/27/2024,5:00 PM,
4/27/2024,6:00 PM,
4/27/2024,7:00 PM,
4/27/2024,8:00 PM,10.0
4/27/2024,9:00 PM,6.7
4/27/2024,10:00 PM,5.5
4/27/2024,11:00 PM,3.5
4/27/2024,24:00 AM,2.0
4/28/2024,1:00 AM,2.5
4/28/2024,2:00 AM,3.0
4/28/2024,3:00 AM,3.2
4/28/2024,4:00 AM,3.6
4/28/2024,5:00 AM,3.3
4/28/2024,6:00 AM,3.5
4/28/2024,7:00 AM,3.5
4/28/2024,8:00 AM,3.2
4/28/2024,9:00 AM,3.9
4/28/2024,10:00 AM,2.9
4/28/2024,11:00 AM,4.2
4/28/2024,12:00 PM,4.5
4/28/2024,1:00 PM,4.1
4/28/2024,2:00 PM,4.5
4/28/2024,3:00 PM,2.6
4/28/2024,4:00 PM,2.8
4/28/2024,5:00 PM,4.0
4/28/2024,6:00 PM,5.4
4/28/2024,7:00 PM,4.3
4/28/2024,8:00 PM,3.3
4/28/2024,9:00 PM,3.6
4/28/2024,10:00 PM,3.9
4/28/2024,11:00 PM,3.8
4/28/2024,24:00 AM,3.8
4/29/2024,1:00 AM,3.9
4/29/2024,2:00 AM,3.9
4/29/2024,3:00 AM,3.6
4/29/2024,4:00 AM,3.5
4/29/2024,5:00 AM,2.8
4/29/2024,6:00 AM,2.2
4/29/2024,7:00 AM,1.9
4/29/2024,8:00 AM,1.9
4/29/2024,9:00 AM,2.7
4/29/2024,10:00 AM,2.9
4/29/2024,11:00 AM,2.2
4/29/2024,12:00 PM,2.0
4/29/2024,1:00 PM,1.9
4/29/2024,2:00 PM,1.7
4/29/2024,3:00 PM,1.9
4/29/2024,4:00 PM,2.1
4/29/2024,5:00 PM,2.3
4/29/2024,6:00 PM,2.6
4/29/2024,7:00 PM,2.6
4/29/2024,8:00 PM,2.9
4/29/2024,9:00 PM,2.4
4/29/2024,10:00 PM,2.1
4/29/2024,11:00 PM,2.0
4/29/2024,24:00 AM,2.0
4/30/2024,1:00 AM,3.0
4/30/2024,2:00 AM,3.6
4/30/2024,3:00 AM,3.6
4/30/2024,4:00 AM,3.6
4/30/2024,5:00 AM,3.2
4/30/2024,6:00 AM,3.2
4/30/2024,7:00 AM,3.3
4/30/2024,8:00 AM,3.4
4/30/2024,9:00 AM,2.4
4/30/2024,10:00 AM,2.0
4/30/2024,11:00 AM,2.0
4/30/2024,12:00 PM,2.0
4/30/2024,1:00 PM,1.9
4/30/2024,2:00 PM,2.2
4/30/2024,3:00 PM,2.0
4/30/2024,4:00 PM,2.4
4/30/2024,5:00 PM,2.5
4/30/2024,6:00 PM,
4/30/2024,7:00 PM,
4/30/2024,8:00 PM,
4/30/2024,9:00 PM,2.0
4/30/2024,10:00 PM,0.6
4/30/2024,11:00 PM,0.5
4/30/2024,24:00 AM,0.3
5/1/2024,1:00 AM,0.0
5/1/2024,2:00 AM,0.0
5/1/2024,3:00 AM,0.0
5/1/2024,4:00 AM,0.1
5/1/2024,5:00 AM,0.0
5/1/2024,6:00 AM,0.0
5/1/2024,7:00 AM,0.3
5/1/2024,8:00 AM,3.1
5/1/2024,9:00 AM,4.2
5/1/2024,10:00 AM,5.2
5/1/2024,11:00 AM,5.3
5/1/2024,12:00 PM,5.7
5/1/2024,1:00 PM,5.4
5/1/2024,2:00 PM,5.1
5/1/2024,3:00 PM,4.4
5/1/2024,4:00 PM,3.6
5/1/2024,5:00 PM,2.7
5/1/2024,6:00 PM,2.3
5/1/2024,7:00 PM,2.6
5/1/2024,8:00 PM,3.5
5/1/2024,9:00 PM,3.7
5/1/2024,10:00 PM,3.3
5/1/2024,11:00 PM,3.3
5/1/2024,24:00 AM,3.9
5/2/2024,1:00 AM,3.6
5/2/2024,2:00 AM,3.4
5/2/2024,3:00 AM,3.7
5/2/2024,4:00 AM,3.2
5/2/2024,5:00 AM,4.1
5/2/2024,6:00 AM,3.7
5/2/2024,7:00 AM,3.6
5/2/2024,8:00 AM,3.6
5/2/2024,9:00 AM,4.3
5/2/2024,10:00 AM,5.2
5/2/2024,11:00 AM,5.0
5/2/2024,12:00 PM,4.2
5/2/2024,1:00 PM,4.8
5/2/2024,2:00 PM,4.3
5/2/2024,3:00 PM,5.6
5/2/2024,4:00 PM,6.3
5/2/2024,5:00 PM,6.5
5/2/2024,6:00 PM,
5/2/2024,7:00 PM,
5/2/2024,8:00 PM,8.5
5/2/2024,9:00 PM,7.3
5/2/2024,10:00 PM,6.2
5/2/2024,11:00 PM,4.1
5/2/2024,24:00 AM,2.7
5/3/2024,1:00 AM,2.2
5/3/2024,2:00 AM,2.3
5/3/2024,3:00 AM,2.5
5/3/2024,4:00 AM,2.8
5/3/2024,5:00 AM,2.7
5/3/2024,6:00 AM,2.6
5/3/2024,7:00 AM,2.4
5/3/2024,8:00 AM,2.9
5/3/2024,9:00 AM,3.3
5/3/2024,10:00 AM,3.2
5/3/2024,11:00 AM,2.6
5/3/2024,12:00 PM,2.2
5/3/2024,1:00 PM,2.2
5/3/2024,2:00 PM,2.9
5/3/2024,3:00 PM,3.8
5/3/2024,4:00 PM,4.3
5/3/2024,5:00 PM,5.0
5/3/2024,6:00 PM,6.4
5/3/2024,7:00 PM,
5/3/2024,8:00 PM,6.5
5/3/2024,9:00 PM,5.9
5/3/2024,10:00 PM,4.8
5/3/2024,11:00 PM,3.5
5/3/2024,24:00 AM,1.7
5/4/2024,1:00 AM,1.8
5/4/2024,2:00 AM,1.9
5/4/2024,3:00 AM,1.9
5/4/2024,4:00 AM,1.6
5/4/2024,5:00 AM,2.0
5/4/2024,6:00 AM,1.9
5/4/2024,7:00 AM,3.1
5/4/2024,8:00 AM,3.4
5/4/2024,9:00 AM,4.2
5/4/2024,10:00 AM,4.3
5/4/2024,11:00 AM,3.3
5/4/2024,12:00 PM,4.0
5/4/2024,1:00 PM,5.1
5/4/2024,2:00 PM,6.9
5/4/2024,3:00 PM,
5/4/2024,4:00 PM,
5/4/2024,5:00 PM,
5/4/2024,6:00 PM,
5/4/2024,7:00 PM,
5/4/2024,8:00 PM,
5/4/2024,9:00 PM,
5/4/2024,10:00 PM,4.8
5/4/2024,11:00 PM,3.5
5/4/2024,24:00 AM,1.9
5/5/2024,1:00 AM,1.6
5/5/2024,2:00 AM,1.4
5/5/2024,3:00 AM,1.4
5/5/2024,4:00 AM,1.1
5/5/2024,5:00 AM,1.1
5/5/2024,6:00 AM,1.5
5/5/2024,7:00 AM,1.7
5/5/2024,8:00 AM,1.7
5/5/2024,9:00 AM,2.2
5/5/2024,10:00 AM,2.1
5/5/2024,11:00 AM,2.3
5/5/2024,12:00 PM,2.6
5/5/2024,1:00 PM,3.9
5/5/2024,2:00 PM,6.6
5/5/2024,3:00 PM,
5/5/2024,4:00 PM,
5/5/2024,5:00 PM,9.5
5/5/2024,6:00 PM,8.6
5/5/2024,7:00 PM,8.3
5/5/2024,8:00 PM,7.8
5/5/2024,9:00 PM,6.7
5/5/2024,10:00 PM,5.8
5/5/2024,11:00 PM,4.5
5/5/2024,24:00 AM,3.4
5/6/2024,1:00 AM,2.9
5/6/2024,2:00 AM,1.8
5/6/2024,3:00 AM,1.9
5/6/2024,4:00 AM,1.9
5/6/2024,5:00 AM,2.2
5/6/2024,6:00 AM,2.1
5/6/2024,7:00 AM,2.9
5/6/2024,8:00 AM,3.3
5/6/2024,9:00 AM,2.1
5/6/2024,10:00 AM,2.2
5/6/2024,11:00 AM,2.5
5/6/2024,12:00 PM,2.1
5/6/2024,1:00 PM,1.8
5/6/2024,2:00 PM,2.0
5/6/2024,3:00 PM,1.7
5/6/2024,4:00 PM,1.6
5/6/2024,5:00 PM,2.6
5/6/2024,6:00 PM,3.3
5/6/2024,7:00 PM,3.7
5/6/2024,8:00 PM,3.5
5/6/2024,9:00 PM,3.4
5/6/2024,10:00 PM,2.6
5/6/2024,11:00 PM,1.5
5/6/2024,24:00 AM,1.6
5/7/2024,1:00 AM,1.9
5/7/2024,2:00 AM,1.8
5/7/2024,3:00 AM,2.1
5/7/2024,4:00 AM,2.1
5/7/2024,5:00 AM,2.0
5/7/2024,6:00 AM,2.2
5/7/2024,7:00 AM,2.2
5/7/2024,8:00 AM,2.2
5/7/2024,9:00 AM,2.7
5/7/2024,10:00 AM,2.2
5/7/2024,11:00 AM,2.3
5/7/2024,12:00 PM,2.1
5/7/2024,1:00 PM,2.5
5/7/2024,2:00 PM,2.5
5/7/2024,3:00 PM,2.3
5/7/2024,4:00 PM,3.4
5/7/2024,5:00 PM,3.6
5/7/2024,6:00 PM,4.0
5/7/2024,7:00 PM,3.1
5/7/2024,8:00 PM,3.1
5/7/2024,9:00 PM,2.6
5/7/2024,10:00 PM,1.2
5/7/2024,11:00 PM,1.0
5/7/2024,24:00 AM,1.1
5/8/2024,1:00 AM,1.4
5/8/2024,2:00 AM,1.7
5/8/2024,3:00 AM,1.5
5/8/2024,4:00 AM,1.1
5/8/2024,5:00 AM,1.3
5/8/2024,6:00 AM,1.2
5/8/2024,7:00 AM,2.2
5/8/2024,8:00 AM,3.4
5/8/2024,9:00 AM,4.3
5/8/2024,10:00 AM,5.5
5/8/2024,11:00 AM,5.3
5/8/2024,12:00 PM,5.3
5/8/2024,1:00 PM,6.6
5/8/2024,2:00 PM,6.8
5/8/2024,3:00 PM,6.5
5/8/2024,4:00 PM,7.0
5/8/2024,5:00 PM,6.3
5/8/2024,6:00 PM,5.4
5/8/2024,7:00 PM,5.5
5/8/2024,8:00 PM,5.7
5/8/2024,9:00 PM,4.2
5/8/2024,10:00 PM,3.0
5/8/2024,11:00 PM,2.1
5/8/2024,24:00 AM,1.4
5/9/2024,1:00 AM,1.6
5/9/2024,2:00 AM,1.5
5/9/2024,3:00 AM,1.7
5/9/2024,4:00 AM,1.8
5/9/2024,5:00 AM,1.9
5/9/2024,6:00 AM,2.2
5/9/2024,7:00 AM,2.6
5/9/2024,8:00 AM,2.7
5/9/2024,9:00 AM,4.1
5/9/2024,10:00 AM,5.8
5/9/2024,11:00 AM,5.3
5/9/2024,12:00 PM,5.3
5/9/2024,1:00 PM,6.2
5/9/2024,2:00 PM,9.1
5/9/2024,3:00 PM,
5/9/2024,4:00 PM,
5/9/2024,5:00 PM,9.7
5/9/2024,6:00 PM,8.0
5/9/2024,7:00 PM,10.9
5/9/2024,8:00 PM,7.2
5/9/2024,9:00 PM,6.8
5/9/2024,10:00 PM,6.2
5/9/2024,11:00 PM,4.7
5/9/2024,24:00 AM,3.9
5/10/2024,1:00 AM,3.7
5/10/2024,2:00 AM,3.7
5/10/2024,3:00 AM,2.5
5/10/2024,4:00 AM,2.0
5/10/2024,5:00 AM,2.3
5/10/2024,6:00 AM,2.3
5/10/2024,7:00 AM,2.4
5/10/2024,8:00 AM,2.1
5/10/2024,9:00 AM,2.4
5/10/2024,10:00 AM,2.2
5/10/2024,11:00 AM,2.3
5/10/2024,12:00 PM,4.8
5/10/2024,1:00 PM,6.6
5/10/2024,2:00 PM,6.6
5/10/2024,3:00 PM,5.1
5/10/2024,4:00 PM,4.4
5/10/2024,5:00 PM,4.6
5/10/2024,6:00 PM,4.2
5/10/2024,7:00 PM,4.7
5/10/2024,8:00 PM,5.2
5/10/2024,9:00 PM,5.3
5/10/2024,10:00 PM,3.9
5/10/2024,11:00 PM,98.1
5/10/2024,24:00 AM,455.4
5/11/2024,1:00 AM,497.6
5/11/2024,2:00 AM,602.0
5/11/2024,3:00 AM,739.1
5/11/2024,4:00 AM,693.6
5/11/2024,5:00 AM,633.8
5/11/2024,6:00 AM,544.1
5/11/2024,7:00 AM,542.1
5/11/2024,8:00 AM,564.7
5/11/2024,9:00 AM,566.0
5/11/2024,10:00 AM,535.6
5/11/2024,11:00 AM,483.4
5/11/2024,12:00 PM,402.6
5/11/2024,1:00 PM,482.8
5/11/2024,2:00 PM,537.1
5/11/2024,3:00 PM,484.3
5/11/2024,4:00 PM,420.3
5/11/2024,5:00 PM,383.2
5/11/2024,6:00 PM,366.8
5/11/2024,7:00 PM,369.0
5/11/2024,8:00 PM,384.3
5/11/2024,9:00 PM,387.3
5/11/2024,10:00 PM,374.9
5/11/2024,11:00 PM,360.3
5/11/2024,24:00 AM,345.4
5/12/2024,1:00 AM,335.8
5/12/2024,2:00 AM,323.1
5/12/2024,3:00 AM,306.4
5/12/2024,4:00 AM,301.4
5/12/2024,5:00 AM,312.0
5/12/2024,6:00 AM,320.6
5/12/2024,7:00 AM,326.4
5/12/2024,8:00 AM,328.8
5/12/2024,9:00 AM,286.0
5/12/2024,10:00 AM,97.3
5/12/2024,11:00 AM,5.1
5/12/2024,12:00 PM,1.6
5/12/2024,1:00 PM,2.0
5/12/2024,2:00 PM,2.2
5/12/2024,3:00 PM,2.2
5/12/2024,4:00 PM,2.1
5/12/2024,5:00 PM,2.1
5/12/2024,6:00 PM,2.1
5/12/2024,7:00 PM,2.0
5/12/2024,8:00 PM,2.0
5/12/2024,9:00 PM,1.9
5/12/2024,10:00 PM,1.8
5/12/2024,11:00 PM,1.8
5/12/2024,24:00 AM,3.7
5/13/2024,1:00 AM,9.5
5/13/2024,2:00 AM,9.7
5/13/2024,3:00 AM,6.1
5/13/2024,4:00 AM,3.2
5/13/2024,5:00 AM,1.9
5/13/2024,6:00 AM,2.3
5/13/2024,7:00 AM,1.5
5/13/2024,8:00 AM,1.2
5/13/2024,9:00 AM,1.1
5/13/2024,10:00 AM,1.1
5/13/2024,11:00 AM,1.3
5/13/2024,12:00 PM,1.5
5/13/2024,1:00 PM,1.6
5/13/2024,2:00 PM,1.8
5/13/2024,3:00 PM,2.1
5/13/2024,4:00 PM,2.5
5/13/2024,5:00 PM,3.0
5/13/2024,6:00 PM,3.1
5/13/2024,7:00 PM,3.2
5/13/2024,8:00 PM,3.3
5/13/2024,9:00 PM,2.9
5/13/2024,10:00 PM,3.0
5/13/2024,11:00 PM,2.0
5/13/2024,24:00 AM,1.5
5/14/2024,1:00 AM,1.8
5/14/2024,2:00 AM,1.5
5/14/2024,3:00 AM,1.4
5/14/2024,4:00 AM,1.4
5/14/2024,5:00 AM,1.3
5/14/2024,6:00 AM,1.5
5/14/2024,7:00 AM,2.5
5/14/2024,8:00 AM,2.1
5/14/2024,9:00 AM,2.5
5/14/2024,10:00 AM,1.8
5/14/2024,11:00 AM,1.7
5/14/2024,12:00 PM,1.6
5/14/2024,1:00 PM,1.8
5/14/2024,2:00 PM,2.6
5/14/2024,3:00 PM,2.6
5/14/2024,4:00 PM,3.5
5/14/2024,5:00 PM,3.6
5/14/2024,6:00 PM,3.9
5/14/2024,7:00 PM,3.9
5/14/2024,8:00 PM,3.6
5/14/2024,9:00 PM,3.0
5/14/2024,10:00 PM,2.5
5/14/2024,11:00 PM,1.7
5/14/2024,24:00 AM,1.3
5/15/2024,1:00 AM,2.2
5/15/2024,2:00 AM,3.0
5/15/2024,3:00 AM,2.2
5/15/2024,4:00 AM,1.6
5/15/2024,5:00 AM,2.1
5/15/2024,6:00 AM,2.4
5/15/2024,7:00 AM,2.4
5/15/2024,8:00 AM,2.9
5/15/2024,9:00 AM,3.0
5/15/2024,10:00 AM,2.8
5/15/2024,11:00 AM,2.5
5/15/2024,12:00 PM,4.3
5/15/2024,1:00 PM,2.9
5/15/2024,2:00 PM,
5/15/2024,3:00 PM,11.5
5/15/2024,4:00 PM,3.3
5/15/2024,5:00 PM,4.5
5/15/2024,6:00 PM,6.7
5/15/2024,7:00 PM,4.6
5/15/2024,8:00 PM,8.9
5/15/2024,9:00 PM,5.4
5/15/2024,10:00 PM,3.8
5/15/2024,11:00 PM,2.6
5/15/2024,24:00 AM,3.3
5/16/2024,1:00 AM,4.6
5/16/2024,2:00 AM,8.2
5/16/2024,3:00 AM,10.0
5/16/2024,4:00 AM,18.2
5/16/2024,5:00 AM,42.6
5/16/2024,6:00 AM,52.5
5/16/2024,7:00 AM,37.4
5/16/2024,8:00 AM,33.2
5/16/2024,9:00 AM,36.7
5/16/2024,10:00 AM,39.4
5/16/2024,11:00 AM,41.3
5/16/2024,12:00 PM,31.7
5/16/2024,1:00 PM,26.2
5/16/2024,2:00 PM,10.4
5/16/2024,3:00 PM,2.1
5/16/2024,4:00 PM,1.3
5/16/2024,5:00 PM,1.5
5/16/2024,6:00 PM,1.5
5/16/2024,7:00 PM,1.1
5/16/2024,8:00 PM,1.3
5/16/2024,9:00 PM,1.3
5/16/2024,10:00 PM,1.3
5/16/2024,11:00 PM,1.3
5/16/2024,24:00 AM,1.4
5/17/2024,1:00 AM,1.9
5/17/2024,2:00 AM,2.4
5/17/2024,3:00 AM,2.3
5/17/2024,4:00 AM,2.5
5/17/2024,5:00 AM,2.7
5/17/2024,6:00 AM,2.9
5/17/2024,7:00 AM,3.5
5/17/2024,8:00 AM,3.8
5/17/2024,9:00 AM,5.6
5/17/2024,10:00 AM,8.5
5/17/2024,11:00 AM,9.6
5/17/2024,12:00 PM,6.5
5/17/2024,1:00 PM,5.1
5/17/2024,2:00 PM,5.4
5/17/2024,3:00 PM,5.4
5/17/2024,4:00 PM,6.1
5/17/2024,5:00 PM,8.8
5/17/2024,6:00 PM,9.5
5/17/2024,7:00 PM,8.3
5/17/2024,8:00 PM,6.3
5/17/2024,9:00 PM,4.4
5/17/2024,10:00 PM,3.7
5/17/2024,11:00 PM,3.6
5/17/2024,24:00 AM,3.9
5/18/2024,1:00 AM,5.5
5/18/2024,2:00 AM,7.1
5/18/2024,3:00 AM,7.2
5/18/2024,4:00 AM,7.5
5/18/2024,5:00 AM,7.8
5/18/2024,6:00 AM,8.6
5/18/2024,7:00 AM,8.6
5/18/2024,8:00 AM,7.8
5/18/2024,9:00 AM,9.5
5/18/2024,10:00 AM,8.1
5/18/2024,11:00 AM,7.7
5/18/2024,12:00 PM,7.9
5/18/2024,1:00 PM,8.1
5/18/2024,2:00 PM,7.1
5/18/2024,3:00 PM,6.7
5/18/2024,4:00 PM,6.0
5/18/2024,5:00 PM,6.7
5/18/2024,6:00 PM,4.8
5/18/2024,7:00 PM,4.8
5/18/2024,8:00 PM,4.1
5/18/2024,9:00 PM,4.6
5/18/2024,10:00 PM,4.6
5/18/2024,11:00 PM,5.6
5/18/2024,24:00 AM,5.7
5/19/2024,1:00 AM,7.6
5/19/2024,2:00 AM,8.4
5/19/2024,3:00 AM,8.4
5/19/2024,4:00 AM,8.1
5/19/2024,5:00 AM,7.6
5/19/2024,6:00 AM,7.4
5/19/2024,7:00 AM,6.9
5/19/2024,8:00 AM,7.7
5/19/2024,9:00 AM,16.3
5/19/2024,10:00 AM,
5/19/2024,11:00 AM,
5/19/2024,12:00 PM,
5/19/2024,1:00 PM,21.0
5/19/2024,2:00 PM,13.7
5/19/2024,3:00 PM,11.1
5/19/2024,4:00 PM,11.7
5/19/2024,5:00 PM,9.6
5/19/2024,6:00 PM,15.1
5/19/2024,7:00 PM,41.4
5/19/2024,8:00 PM,44.3
5/19/2024,9:00 PM,36.8
5/19/2024,10:00 PM,26.9
5/19/2024,11:00 PM,16.9
5/19/2024,24:00 AM,12.0
5/20/2024,1:00 AM,11.1
5/20/2024,2:00 AM,8.8
5/20/2024,3:00 AM,6.7
5/20/2024,4:00 AM,5.8
5/20/2024,5:00 AM,5.2
5/20/2024,6:00 AM,4.3
5/20/2024,7:00 AM,4.1
5/20/2024,8:00 AM,8.1
5/20/2024,9:00 AM,11.2
5/20/2024,10:00 AM,9.4
5/20/2024,11:00 AM,2.6
5/20/2024,12:00 PM,3.0
5/20/2024,1:00 PM,2.7
5/20/2024,2:00 PM,3.4
5/20/2024,3:00 PM,4.7
5/20/2024,4:00 PM,8.1
5/20/2024,5:00 PM,6.1
5/20/2024,6:00 PM,4.3
5/20/2024,7:00 PM,3.9
5/20/2024,8:00 PM,3.7
5/20/2024,9:00 PM,2.8
5/20/2024,10:00 PM,2.5
5/20/2024,11:00 PM,1.7
5/20/2024,24:00 AM,1.5
5/21/2024,1:00 AM,1.3
5/21/2024,2:00 AM,2.5
5/21/2024,3:00 AM,1.4
5/21/2024,4:00 AM,0.9
5/21/2024,5:00 AM,1.0
5/21/2024,6:00 AM,1.7
5/21/2024,7:00 AM,1.3
5/21/2024,8:00 AM,1.5
5/21/2024,9:00 AM,1.6
5/21/2024,10:00 AM,1.5
5/21/2024,11:00 AM,5.8
5/21/2024,12:00 PM,2.4
5/21/2024,1:00 PM,3.0
5/21/2024,2:00 PM,3.5
5/21/2024,3:00 PM,5.3
5/21/2024,4:00 PM,6.1
5/21/2024,5:00 PM,8.0
5/21/2024,6:00 PM,8.6
5/21/2024,7:00 PM,
5/21/2024,8:00 PM,10.8
5/21/2024,9:00 PM,7.5
5/21/2024,10:00 PM,7.8
5/21/2024,11:00 PM,6.3
5/21/2024,24:00 AM,4.6
5/22/2024,1:00 AM,3.5
5/22/2024,2:00 AM,4.9
5/22/2024,3:00 AM,4.8
5/22/2024,4:00 AM,3.8
5/22/2024,5:00 AM,3.8
5/22/2024,6:00 AM,4.3
5/22/2024,7:00 AM,7.3
5/22/2024,8:00 AM,12.8
5/22/2024,9:00 AM,17.2
5/22/2024,10:00 AM,17.8
5/22/2024,11:00 AM,16.9
5/22/2024,12:00 PM,12.1
5/22/2024,1:00 PM,10.7
5/22/2024,2:00 PM,9.6
5/22/2024,3:00 PM,10.7
5/22/2024,4:00 PM,
5/22/2024,5:00 PM,13.8
5/22/2024,6:00 PM,11.5
5/22/2024,7:00 PM,9.6
5/22/2024,8:00 PM,11.6
5/22/2024,9:00 PM,14.0
5/22/2024,10:00 PM,10.3
5/22/2024,11:00 PM,6.3
5/22/2024,24:00 AM,4.1
5/23/2024,1:00 AM,3.6
5/23/2024,2:00 AM,3.6
5/23/2024,3:00 AM,3.6
5/23/2024,4:00 AM,3.9
5/23/2024,5:00 AM,4.0
5/23/2024,6:00 AM,4.6
5/23/2024,7:00 AM,5.6
5/23/2024,8:00 AM,6.4
5/23/2024,9:00 AM,8.1
5/23/2024,10:00 AM,7.4
5/23/2024,11:00 AM,5.3
5/23/2024,12:00 PM,6.2
5/23/2024,1:00 PM,7.6
5/23/2024,2:00 PM,8.7
5/23/2024,3:00 PM,8.6
5/23/2024,4:00 PM,7.6
5/23/2024,5:00 PM,6.8
5/23/2024,6:00 PM,7.5
5/23/2024,7:00 PM,6.9
5/23/2024,8:00 PM,6.6
5/23/2024,9:00 PM,6.8
5/23/2024,10:00 PM,7.7
5/23/2024,11:00 PM,8.0
5/23/2024,24:00 AM,8.2
5/24/2024,1:00 AM,8.2
5/24/2024,2:00 AM,7.9
5/24/2024,3:00 AM,6.6
5/24/2024,4:00 AM,5.7
5/24/2024,5:00 AM,4.7
5/24/2024,6:00 AM,3.9
5/24/2024,7:00 AM,3.6
5/24/2024,8:00 AM,3.8
5/24/2024,9:00 AM,10.6
5/24/2024,10:00 AM,5.7
5/24/2024,11:00 AM,7.7
5/24/2024,12:00 PM,
5/24/2024,1:00 PM,7.7
5/24/2024,2:00 PM,
5/24/2024,3:00 PM,7.9
5/24/2024,4:00 PM,9.3
5/24/2024,5:00 PM,4.7
5/24/2024,6:00 PM,4.8
5/24/2024,7:00 PM,4.6
5/24/2024,8:00 PM,5.1
5/24/2024,9:00 PM,
5/24/2024,10:00 PM,8.6
5/24/2024,11:00 PM,3.6
5/24/2024,24:00 AM,3.6
5/25/2024,1:00 AM,6.5
5/25/2024,2:00 AM,3.1
5/25/2024,3:00 AM,2.3
5/25/2024,4:00 AM,2.4
5/25/2024,5:00 AM,2.4
5/25/2024,6:00 AM,2.8
5/25/2024,7:00 AM,3.2
5/25/2024,8:00 AM,4.7
5/25/2024,9:00 AM,4.9
5/25/2024,10:00 AM,4.8
5/25/2024,11:00 AM,6.4
5/25/2024,12:00 PM,8.0
5/25/2024,1:00 PM,9.1
5/25/2024,2:00 PM,8.4
5/25/2024,3:00 PM,8.1
5/25/2024,4:00 PM,6.9
5/25/2024,5:00 PM,10.7
5/25/2024,6:00 PM,10.0
5/25/2024,7:00 PM,9.5
5/25/2024,8:00 PM,9.2
5/25/2024,9:00 PM,8.0
5/25/2024,10:00 PM,6.4
5/25/2024,11:00 PM,5.3
5/25/2024,24:00 AM,4.5
5/26/2024,1:00 AM,4.5
5/26/2024,2:00 AM,5.7
5/26/2024,3:00 AM,6.4
5/26/2024,4:00 AM,8.1
5/26/2024,5:00 AM,8.9
5/26/2024,6:00 AM,10.0
5/26/2024,7:00 AM,10.4
5/26/2024,8:00 AM,9.4
5/26/2024,9:00 AM,6.6
5/26/2024,10:00 AM,6.3
5/26/2024,11:00 AM,6.3
5/26/2024,12:00 PM,10.1
5/26/2024,1:00 PM,7.2
5/26/2024,2:00 PM,5.7
5/26/2024,3:00 PM,12.5
5/26/2024,4:00 PM,11.5
5/26/2024,5:00 PM,7.8
5/26/2024,6:00 PM,3.3
5/26/2024,7:00 PM,3.0
5/26/2024,8:00 PM,3.1
5/26/2024,9:00 PM,3.2
5/26/2024,10:00 PM,4.1
5/26/2024,11:00 PM,2.3
5/26/2024,24:00 AM,1.1
5/27/2024,1:00 AM,1.6
5/27/2024,2:00 AM,0.8
5/27/2024,3:00 AM,0.8
5/27/2024,4:00 AM,0.8
5/27/2024,5:00 AM,0.8
5/27/2024,6:00 AM,0.9
5/27/2024,7:00 AM,1.1
5/27/2024,8:00 AM,0.8
5/27/2024,9:00 AM,1.0
5/27/2024,10:00 AM,0.8
5/27/2024,11:00 AM,0.8
5/27/2024,12:00 PM,0.9
5/27/2024,1:00 PM,1.0
5/27/2024,2:00 PM,2.4
5/27/2024,3:00 PM,3.5
5/27/2024,4:00 PM,4.1
5/27/2024,5:00 PM,
5/27/2024,6:00 PM,
5/27/2024,7:00 PM,7.9
5/27/2024,8:00 PM,7.8
5/27/2024,9:00 PM,6.2
5/27/2024,10:00 PM,4.6
5/27/2024,11:00 PM,3.8
5/27/2024,24:00 AM,2.1
5/28/2024,1:00 AM,5.2
5/28/2024,2:00 AM,3.4
5/28/2024,3:00 AM,3.5
5/28/2024,4:00 AM,1.9
5/28/2024,5:00 AM,2.8
5/28/2024,6:00 AM,4.2
5/28/2024,7:00 AM,3.7
5/28/2024,8:00 AM,12.2
5/28/2024,9:00 AM,18.2
5/28/2024,10:00 AM,5.9
5/28/2024,11:00 AM,6.6
5/28/2024,12:00 PM,
5/28/2024,1:00 PM,
5/28/2024,2:00 PM,
5/28/2024,3:00 PM,
5/28/2024,4:00 PM,
5/28/2024,5:00 PM,0.5
5/28/2024,6:00 PM,0.4
5/28/2024,7:00 PM,0.6
5/28/2024,8:00 PM,0.8
5/28/2024,9:00 PM,1.4
5/28/2024,10:00 PM,1.1
5/28/2024,11:00 PM,0.9
5/28/2024,24:00 AM,2.4
5/29/2024,1:00 AM,1.1
5/29/2024,2:00 AM,0.4
5/29/2024,3:00 AM,0.4
5/29/2024,4:00 AM,0.6
5/29/2024,5:00 AM,0.6
5/29/2024,6:00 AM,0.5
5/29/2024,7:00 AM,0.6
5/29/2024,8:00 AM,1.3
5/29/2024,9:00 AM,0.9
5/29/2024,10:00 AM,1.0
5/29/2024,11:00 AM,1.4
5/29/2024,12:00 PM,
5/29/2024,1:00 PM,
5/29/2024,2:00 PM,
5/29/2024,3:00 PM,
5/29/2024,4:00 PM,9.2
5/29/2024,5:00 PM,7.9
5/29/2024,6:00 PM,5.5
5/29/2024,7:00 PM,5.0
5/29/2024,8:00 PM,4.5
5/29/2024,9:00 PM,3.6
5/29/2024,10:00 PM,3.9
5/29/2024,11:00 PM,3.3
5/29/2024,24:00 AM,3.7
5/30/2024,1:00 AM,4.6
5/30/2024,2:00 AM,4.7
5/30/2024,3:00 AM,3.3
5/30/2024,4:00 AM,3.1
5/30/2024,5:00 AM,2.6
5/30/2024,6:00 AM,2.5
5/30/2024,7:00 AM,2.5
5/30/2024,8:00 AM,1.2
5/30/2024,9:00 AM,1.7
5/30/2024,10:00 AM,1.8
5/30/2024,11:00 AM,1.9
5/30/2024,12:00 PM,3.8
5/30/2024,1:00 PM,1.9
5/30/2024,2:00 PM,2.6
5/30/2024,3:00 PM,2.3
5/30/2024,4:00 PM,2.7
5/30/2024,5:00 PM,2.7
5/30/2024,6:00 PM,5.5
5/30/2024,7:00 PM,
5/30/2024,8:00 PM,10.4
5/30/2024,9:00 PM,2.7
5/30/2024,10:00 PM,3.2
5/30/2024,11:00 PM,4.4
5/30/2024,24:00 AM,1.4
5/31/2024,1:00 AM,2.5
5/31/2024,2:00 AM,1.5
5/31/2024,3:00 AM,5.6
5/31/2024,4:00 AM,2.9
5/31/2024,5:00 AM,1.4
5/31/2024,6:00 AM,1.0
5/31/2024,7:00 AM,0.1
5/31/2024,8:00 AM,1.3
5/31/2024,9:00 AM,0.3
5/31/2024,10:00 AM,0.0
5/31/2024,11:00 AM,1.9
5/31/2024,12:00 PM,1.1
5/31/2024,1:00 PM,1.8
5/31/2024,2:00 PM,2.1
5/31/2024,3:00 PM,3.0
5/31/2024,4:00 PM,2.7
5/31/2024,5:00 PM,2.6
5/31/2024,6:00 PM,5.2
5/31/2024,7:00 PM,2.9
5/31/2024,8:00 PM,4.4
5/31/2024,9:00 PM,5.1
5/31/2024,10:00 PM,7.2
5/31/2024,11:00 PM,6.4
5/31/2024,24:00 AM,7.2
6/1/2024,1:00 AM,
6/1/2024,2:00 AM,
6/1/2024,3:00 AM,5.8
6/1/2024,4:00 AM,1.1
6/1/2024,5:00 AM,1.8
6/1/2024,6:00 AM,9.3
6/1/2024,7:00 AM,4.4
6/1/2024,8:00 AM,4.4
6/1/2024,9:00 AM,4.7
6/1/2024,10:00 AM,
6/1/2024,11:00 AM,2.9
6/1/2024,12:00 PM,6.2
6/1/2024,1:00 PM,4.3
6/1/2024,2:00 PM,7.4
6/1/2024,3:00 PM,7.0
6/1/2024,4:00 PM,6.7
6/1/2024,5:00 PM,6.2
6/1/2024,6:00 PM,7.8
6/1/2024,7:00 PM,5.6
6/1/2024,8:00 PM,7.4
6/1/2024,9:00 PM,5.2
6/1/2024,10:00 PM,5.5
6/1/2024,11:00 PM,5.6
6/1/2024,24:00 AM,5.3
6/2/2024,1:00 AM,
6/2/2024,2:00 AM,6.0
6/2/2024,3:00 AM,7.6
6/2/2024,4:00 AM,4.8
6/2/2024,5:00 AM,5.7
6/2/2024,6:00 AM,5.0
6/2/2024,7:00 AM,5.5
6/2/2024,8:00 AM,5.3
6/2/2024,9:00 AM,2.6
6/2/2024,10:00 AM,0.4
6/2/2024,11:00 AM,0.1
6/2/2024,12:00 PM,0.7
6/2/2024,1:00 PM,0.8
6/2/2024,2:00 PM,0.8
6/2/2024,3:00 PM,0.7
6/2/2024,4:00 PM,0.7
6/2/2024,5:00 PM,0.8
6/2/2024,6:00 PM,0.8
6/2/2024,7:00 PM,0.8
6/2/2024,8:00 PM,1.1
6/2/2024,9:00 PM,2.3
6/2/2024,10:00 PM,3.5
6/2/2024,11:00 PM,3.7
6/2/2024,24:00 AM,3.0
6/3/2024,1:00 AM,3.7
6/3/2024,2:00 AM,4.2
6/3/2024,3:00 AM,4.1
6/3/2024,4:00 AM,4.9
6/3/2024,5:00 AM,4.7
6/3/2024,6:00 AM,4.1
6/3/2024,7:00 AM,4.5
6/3/2024,8:00 AM,5.1
6/3/2024,9:00 AM,3.7
6/3/2024,10:00 AM,4.5
6/3/2024,11:00 AM,5.7
6/3/2024,12:00 PM,6.0
6/3/2024,1:00 PM,4.2
6/3/2024,2:00 PM,4.0
6/3/2024,3:00 PM,5.8
6/3/2024,4:00 PM,5.7
6/3/2024,5:00 PM,5.5
6/3/2024,6:00 PM,5.5
6/3/2024,7:00 PM,4.3
6/3/2024,8:00 PM,4.9
6/3/2024,9:00 PM,6.1
6/3/2024,10:00 PM,6.2
6/3/2024,11:00 PM,4.6
6/3/2024,24:00 AM,4.5
6/4/2024,1:00 AM,6.3
6/4/2024,2:00 AM,7.9
6/4/2024,3:00 AM,10.3
6/4/2024,4:00 AM,15.2
6/4/2024,5:00 AM,13.1
6/4/2024,6:00 AM,14.6
6/4/2024,7:00 AM,14.1
6/4/2024,8:00 AM,11.6
6/4/2024,9:00 AM,8.0
6/4/2024,10:00 AM,1.9
6/4/2024,11:00 AM,0.8
6/4/2024,12:00 PM,0.7
6/4/2024,1:00 PM,0.7
6/4/2024,2:00 PM,0.7
6/4/2024,3:00 PM,1.3
6/4/2024,4:00 PM,1.7
6/4/2024,5:00 PM,1.4
6/4/2024,6:00 PM,1.6
6/4/2024,7:00 PM,1.6
6/4/2024,8:00 PM,2.0
6/4/2024,9:00 PM,2.6
6/4/2024,10:00 PM,2.3
6/4/2024,11:00 PM,2.2
6/4/2024,24:00 AM,1.3
6/5/2024,1:00 AM,1.3
6/5/2024,2:00 AM,0.9
6/5/2024,3:00 AM,1.3
6/5/2024,4:00 AM,1.2
6/5/2024,5:00 AM,1.2
6/5/2024,6:00 AM,1.3
6/5/2024,7:00 AM,0.9
6/5/2024,8:00 AM,0.4
6/5/2024,9:00 AM,0.4
6/5/2024,10:00 AM,0.2
6/5/2024,11:00 AM,0.2
6/5/2024,12:00 PM,0.4
6/5/2024,1:00 PM,0.4
6/5/2024,2:00 PM,0.8
6/5/2024,3:00 PM,1.3
6/5/2024,4:00 PM,1.4
6/5/2024,5:00 PM,1.5
6/5/2024,6:00 PM,1.7
6/5/2024,7:00 PM,2.0
6/5/2024,8:00 PM,1.8
6/5/2024,9:00 PM,1.6
6/5/2024,10:00 PM,1.0
6/5/2024,11:00 PM,0.8
6/5/2024,24:00 AM,0.9
6/6/2024,1:00 AM,0.8
6/6/2024,2:00 AM,0.9
6/6/2024,3:00 AM,0.3
6/6/2024,4:00 AM,0.5
6/6/2024,5:00 AM,0.7
6/6/2024,6:00 AM,0.9
6/6/2024,7:00 AM,1.4
6/6/2024,8:00 AM,0.8
6/6/2024,9:00 AM,1.0
6/6/2024,10:00 AM,1.0
6/6/2024,11:00 AM,0.9
6/6/2024,12:00 PM,0.8
6/6/2024,1:00 PM,1.2
6/6/2024,2:00 PM,1.5
6/6/2024,3:00 PM,1.5
6/6/2024,4:00 PM,1.9
6/6/2024,5:00 PM,1.5
6/6/2024,6:00 PM,1.0
6/6/2024,7:00 PM,1.4
6/6/2024,8:00 PM,2.4
6/6/2024,9:00 PM,2.9
6/6/2024,10:00 PM,3.7
6/6/2024,11:00 PM,0.8
6/6/2024,24:00 AM,0.6
6/7/2024,1:00 AM,0.1
6/7/2024,2:00 AM,0.1
6/7/2024,3:00 AM,0.0
6/7/2024,4:00 AM,0.3
6/7/2024,5:00 AM,0.3
6/7/2024,6:00 AM,1.1
6/7/2024,7:00 AM,1.1
6/7/2024,8:00 AM,1.0
6/7/2024,9:00 AM,2.1
6/7/2024,10:00 AM,1.8
6/7/2024,11:00 AM,2.4
6/7/2024,12:00 PM,0.5
6/7/2024,1:00 PM,0.9
6/7/2024,2:00 PM,3.8
6/7/2024,3:00 PM,1.1
6/7/2024,4:00 PM,3.5
6/7/2024,5:00 PM,2.2
6/7/2024,6:00 PM,1.7
6/7/2024,7:00 PM,2.4
6/7/2024,8:00 PM,4.2
6/7/2024,9:00 PM,9.0
6/7/2024,10:00 PM,17.4
6/7/2024,11:00 PM,7.4
6/7/2024,24:00 AM,21.0
6/8/2024,1:00 AM,
6/8/2024,2:00 AM,
6/8/2024,3:00 AM,
6/8/2024,4:00 AM,
6/8/2024,5:00 AM,13.4
6/8/2024,6:00 AM,14.0
6/8/2024,7:00 AM,
6/8/2024,8:00 AM,12.3
6/8/2024,9:00 AM,
6/8/2024,10:00 AM,5.0
6/8/2024,11:00 AM,6.4
6/8/2024,12:00 PM,
6/8/2024,1:00 PM,
6/8/2024,2:00 PM,
6/8/2024,3:00 PM,8.9
6/8/2024,4:00 PM,4.6
6/8/2024,5:00 PM,
6/8/2024,6:00 PM,5.8
6/8/2024,7:00 PM,8.9
6/8/2024,8:00 PM,
6/8/2024,9:00 PM,
6/8/2024,10:00 PM,7.7
6/8/2024,11:00 PM,5.8
6/8/2024,24:00 AM,4.1
6/9/2024,1:00 AM,3.9
6/9/2024,2:00 AM,3.2
6/9/2024,3:00 AM,3.6
6/9/2024,4:00 AM,3.2
6/9/2024,5:00 AM,2.9
6/9/2024,6:00 AM,2.2
6/9/2024,7:00 AM,1.9
6/9/2024,8:00 AM,1.8
6/9/2024,9:00 AM,1.7
6/9/2024,10:00 AM,1.4
6/9/2024,11:00 AM,1.3
6/9/2024,12:00 PM,1.3
6/9/2024,1:00 PM,1.3
6/9/2024,2:00 PM,1.4
6/9/2024,3:00 PM,1.8
6/9/2024,4:00 PM,3.3
6/9/2024,5:00 PM,4.7
6/9/2024,6:00 PM,6.1
6/9/2024,7:00 PM,7.4
6/9/2024,8:00 PM,7.4
6/9/2024,9:00 PM,8.6
6/9/2024,10:00 PM,7.9
6/9/2024,11:00 PM,7.7
6/9/2024,24:00 AM,6.2
6/10/2024,1:00 AM,5.5
6/10/2024,2:00 AM,4.8
6/10/2024,3:00 AM,4.0
6/10/2024,4:00 AM,4.1
6/10/2024,5:00 AM,3.4
6/10/2024,6:00 AM,3.4
6/10/2024,7:00 AM,2.8
6/10/2024,8:00 AM,2.6
6/10/2024,9:00 AM,2.9
6/10/2024,10:00 AM,2.9
6/10/2024,11:00 AM,3.3
6/10/2024,12:00 PM,3.8
6/10/2024,1:00 PM,3.6
6/10/2024,2:00 PM,4.7
6/10/2024,3:00 PM,4.8
6/10/2024,4:00 PM,4.3
6/10/2024,5:00 PM,5.2
6/10/2024,6:00 PM,6.2
6/10/2024,7:00 PM,5.5
6/10/2024,8:00 PM,5.2
6/10/2024,9:00 PM,5.0
6/10/2024,10:00 PM,5.8
6/10/2024,11:00 PM,5.7
6/10/2024,24:00 AM,4.7
6/11/2024,1:00 AM,4.2
6/11/2024,2:00 AM,7.8
6/11/2024,3:00 AM,7.7
6/11/2024,4:00 AM,3.3
6/11/2024,5:00 AM,3.1
6/11/2024,6:00 AM,2.1
6/11/2024,7:00 AM,2.2
6/11/2024,8:00 AM,2.4
6/11/2024,9:00 AM,2.2
6/11/2024,10:00 AM,2.7
6/11/2024,11:00 AM,2.2
6/11/2024,12:00 PM,1.4
6/11/2024,1:00 PM,1.3
6/11/2024,2:00 PM,1.4
6/11/2024,3:00 PM,2.5
6/11/2024,4:00 PM,3.6
6/11/2024,5:00 PM,5.7
6/11/2024,6:00 PM,8.2
6/11/2024,7:00 PM,11.6
6/11/2024,8:00 PM,9.5
6/11/2024,9:00 PM,6.4
6/11/2024,10:00 PM,6.0
6/11/2024,11:00 PM,5.2
6/11/2024,24:00 AM,4.9
6/12/2024,1:00 AM,5.9
6/12/2024,2:00 AM,7.2
6/12/2024,3:00 AM,6.4
6/12/2024,4:00 AM,4.8
6/12/2024,5:00 AM,4.0
6/12/2024,6:00 AM,4.2
6/12/2024,7:00 AM,3.1
6/12/2024,8:00 AM,2.1
6/12/2024,9:00 AM,2.3
6/12/2024,10:00 AM,2.7
6/12/2024,11:00 AM,2.9
6/12/2024,12:00 PM,3.1
6/12/2024,1:00 PM,3.6
6/12/2024,2:00 PM,3.1
6/12/2024,3:00 PM,3.7
6/12/2024,4:00 PM,2.8
6/12/2024,5:00 PM,4.3
6/12/2024,6:00 PM,6.3
6/12/2024,7:00 PM,7.1
6/12/2024,8:00 PM,6.9
6/12/2024,9:00 PM,7.1
6/12/2024,10:00 PM,6.4
6/12/2024,11:00 PM,6.0
6/12/2024,24:00 AM,6.2
6/13/2024,1:00 AM,6.8
6/13/2024,2:00 AM,5.2
6/13/2024,3:00 AM,3.8
6/13/2024,4:00 AM,3.8
6/13/2024,5:00 AM,2.4
6/13/2024,6:00 AM,2.3
6/13/2024,7:00 AM,2.9
6/13/2024,8:00 AM,2.0
6/13/2024,9:00 AM,1.6
6/13/2024,10:00 AM,1.4
6/13/2024,11:00 AM,1.4
6/13/2024,12:00 PM,1.4
6/13/2024,1:00 PM,1.6
6/13/2024,2:00 PM,1.5
6/13/2024,3:00 PM,1.8
6/13/2024,4:00 PM,2.2
6/13/2024,5:00 PM,2.2
6/13/2024,6:00 PM,2.6
6/13/2024,7:00 PM,2.9
6/13/2024,8:00 PM,3.5
6/13/2024,9:00 PM,4.1
6/13/2024,10:00 PM,4.6
6/13/2024,11:00 PM,5.0
6/13/2024,24:00 AM,5.2
6/14/2024,1:00 AM,4.8
6/14/2024,2:00 AM,4.6
6/14/2024,3:00 AM,4.0
6/14/2024,4:00 AM,4.3
6/14/2024,5:00 AM,3.5
6/14/2024,6:00 AM,2.8
6/14/2024,7:00 AM,2.3
6/14/2024,8:00 AM,2.1
6/14/2024,9:00 AM,2.4
6/14/2024,10:00 AM,2.4
6/14/2024,11:00 AM,2.1
6/14/2024,12:00 PM,2.3
6/14/2024,1:00 PM,2.1
6/14/2024,2:00 PM,2.1
6/14/2024,3:00 PM,1.7
6/14/2024,4:00 PM,1.9
6/14/2024,5:00 PM,2.1
6/14/2024,6:00 PM,3.1
6/14/2024,7:00 PM,5.1
6/14/2024,8:00 PM,7.3
6/14/2024,9:00 PM,8.1
6/14/2024,10:00 PM,7.1
6/14/2024,11:00 PM,4.4
6/14/2024,24:00 AM,3.0
6/15/2024,1:00 AM,3.4
6/15/2024,2:00 AM,3.4
6/15/2024,3:00 AM,3.1
6/15/2024,4:00 AM,3.3
6/15/2024,5:00 AM,3.3
6/15/2024,6:00 AM,3.3
6/15/2024,7:00 AM,3.1
6/15/2024,8:00 AM,3.7
6/15/2024,9:00 AM,4.1
6/15/2024,10:00 AM,3.9
6/15/2024,11:00 AM,3.8
6/15/2024,12:00 PM,4.1
6/15/2024,1:00 PM,4.3
6/15/2024,2:00 PM,4.6
6/15/2024,3:00 PM,4.8
6/15/2024,4:00 PM,5.0
6/15/2024,5:00 PM,5.1
6/15/2024,6:00 PM,5.0
6/15/2024,7:00 PM,4.6
6/15/2024,8:00 PM,4.6
6/15/2024,9:00 PM,4.6
6/15/2024,10:00 PM,4.7
6/15/2024,11:00 PM,4.7
6/15/2024,24:00 AM,5.1
6/16/2024,1:00 AM,4.8
6/16/2024,2:00 AM,4.3
6/16/2024,3:00 AM,4.7
6/16/2024,4:00 AM,2.4
6/16/2024,5:00 AM,1.8
6/16/2024,6:00 AM,2.2
6/16/2024,7:00 AM,2.6
6/16/2024,8:00 AM,2.5
6/16/2024,9:00 AM,3.1
6/16/2024,10:00 AM,3.7
6/16/2024,11:00 AM,3.3
6/16/2024,12:00 PM,2.4
6/16/2024,1:00 PM,1.9
6/16/2024,2:00 PM,2.7
6/16/2024,3:00 PM,2.9
6/16/2024,4:00 PM,4.3
6/16/2024,5:00 PM,6.2
6/16/2024,6:00 PM,7.3
6/16/2024,7:00 PM,6.9
6/16/2024,8:00 PM,
6/16/2024,9:00 PM,
6/16/2024,10:00 PM,7.4
6/16/2024,11:00 PM,6.3
6/16/2024,24:00 AM,5.5
6/17/2024,1:00 AM,5.5
6/17/2024,2:00 AM,5.9
6/17/2024,3:00 AM,6.6
6/17/2024,4:00 AM,5.2
6/17/2024,5:00 AM,4.8
6/17/2024,6:00 AM,4.5
6/17/2024,7:00 AM,3.7
6/17/2024,8:00 AM,4.0
6/17/2024,9:00 AM,3.2
6/17/2024,10:00 AM,1.8
6/17/2024,11:00 AM,1.5
6/17/2024,12:00 PM,1.4
6/17/2024,1:00 PM,2.7
6/17/2024,2:00 PM,3.7
6/17/2024,3:00 PM,4.6
6/17/2024,4:00 PM,4.9
6/17/2024,5:00 PM,6.6
6/17/2024,6:00 PM,8.7
6/17/2024,7:00 PM,8.3
6/17/2024,8:00 PM,11.1
6/17/2024,9:00 PM,14.3
6/17/2024,10:00 PM,13.8
6/17/2024,11:00 PM,12.5
6/17/2024,24:00 AM,8.9
6/18/2024,1:00 AM,10.2
6/18/2024,2:00 AM,4.9
6/18/2024,3:00 AM,4.4
6/18/2024,4:00 AM,4.5
6/18/2024,5:00 AM,4.0
6/18/2024,6:00 AM,2.9
6/18/2024,7:00 AM,3.5
6/18/2024,8:00 AM,4.1
6/18/2024,9:00 AM,7.0
6/18/2024,10:00 AM,9.1
6/18/2024,11:00 AM,6.0
6/18/2024,12:00 PM,5.6
6/18/2024,1:00 PM,5.3
6/18/2024,2:00 PM,6.4
6/18/2024,3:00 PM,7.0
6/18/2024,4:00 PM,7.1
6/18/2024,5:00 PM,8.4
6/18/2024,6:00 PM,8.7
6/18/2024,7:00 PM,9.1
6/18/2024,8:00 PM,9.8
6/18/2024,9:00 PM,10.4
6/18/2024,10:00 PM,10.5
6/18/2024,11:00 PM,9.9
6/18/2024,24:00 AM,9.4
6/19/2024,1:00 AM,
6/19/2024,2:00 AM,9.4
6/19/2024,3:00 AM,8.1
6/19/2024,4:00 AM,7.3
6/19/2024,5:00 AM,7.0
6/19/2024,6:00 AM,5.3
6/19/2024,7:00 AM,4.6
6/19/2024,8:00 AM,5.3
6/19/2024,9:00 AM,7.2
6/19/2024,10:00 AM,7.2
6/19/2024,11:00 AM,6.8
6/19/2024,12:00 PM,6.1
6/19/2024,1:00 PM,7.6
6/19/2024,2:00 PM,11.1
6/19/2024,3:00 PM,9.3
6/19/2024,4:00 PM,9.3
6/19/2024,5:00 PM,11.6
6/19/2024,6:00 PM,14.5
6/19/2024,7:00 PM,11.5
6/19/2024,8:00 PM,11.2
6/19/2024,9:00 PM,10.0
6/19/2024,10:00 PM,10.4
6/19/2024,11:00 PM,10.3
6/19/2024,24:00 AM,9.3
6/20/2024,1:00 AM,8.8
6/20/2024,2:00 AM,7.6
6/20/2024,3:00 AM,7.4
6/20/2024,4:00 AM,6.2
6/20/2024,5:00 AM,4.8
6/20/2024,6:00 AM,4.6
6/20/2024,7:00 AM,3.5
6/20/2024,8:00 AM,2.5
6/20/2024,9:00 AM,2.6
6/20/2024,10:00 AM,2.5
6/20/2024,11:00 AM,2.3
6/20/2024,12:00 PM,3.1
6/20/2024,1:00 PM,4.3
6/20/2024,2:00 PM,4.9
6/20/2024,3:00 PM,4.8
6/20/2024,4:00 PM,5.0
6/20/2024,5:00 PM,6.0
6/20/2024,6:00 PM,5.0
6/20/2024,7:00 PM,6.1
6/20/2024,8:00 PM,8.1
6/20/2024,9:00 PM,8.1
6/20/2024,10:00 PM,8.6
6/20/2024,11:00 PM,9.6
6/20/2024,24:00 AM,9.0
6/21/2024,1:00 AM,10.3
6/21/2024,2:00 AM,10.2
6/21/2024,3:00 AM,9.8
6/21/2024,4:00 AM,9.4
6/21/2024,5:00 AM,8.1
6/21/2024,6:00 AM,6.9
6/21/2024,7:00 AM,5.8
6/21/2024,8:00 AM,5.0
6/21/2024,9:00 AM,3.8
6/21/2024,10:00 AM,
6/21/2024,11:00 AM,
6/21/2024,12:00 PM,
6/21/2024,1:00 PM,
6/21/2024,2:00 PM,
6/21/2024,3:00 PM,1.1
6/21/2024,4:00 PM,1.8
6/21/2024,5:00 PM,2.4
6/21/2024,6:00 PM,3.2
6/21/2024,7:00 PM,4.1
6/21/2024,8:00 PM,4.1
6/21/2024,9:00 PM,4.0
6/21/2024,10:00 PM,4.3
6/21/2024,11:00 PM,4.8
6/21/2024,24:00 AM,5.4
6/22/2024,1:00 AM,5.4
6/22/2024,2:00 AM,4.8
6/22/2024,3:00 AM,5.4
6/22/2024,4:00 AM,6.8
6/22/2024,5:00 AM,6.3
6/22/2024,6:00 AM,5.2
6/22/2024,7:00 AM,3.7
6/22/2024,8:00 AM,3.4
6/22/2024,9:00 AM,2.8
6/22/2024,10:00 AM,3.7
6/22/2024,11:00 AM,4.4
6/22/2024,12:00 PM,3.2
6/22/2024,1:00 PM,2.3
6/22/2024,2:00 PM,2.3
6/22/2024,3:00 PM,2.5
6/22/2024,4:00 PM,3.5
6/22/2024,5:00 PM,8.2
6/22/2024,6:00 PM,3.3
6/22/2024,7:00 PM,2.6
6/22/2024,8:00 PM,2.7
6/22/2024,9:00 PM,4.7
6/22/2024,10:00 PM,7.4
6/22/2024,11:00 PM,4.3
6/22/2024,24:00 AM,4.5
6/23/2024,1:00 AM,4.4
6/23/2024,2:00 AM,4.8
6/23/2024,3:00 AM,5.2
6/23/2024,4:00 AM,5.1
6/23/2024,5:00 AM,5.0
6/23/2024,6:00 AM,4.0
6/23/2024,7:00 AM,2.5
6/23/2024,8:00 AM,1.1
6/23/2024,9:00 AM,0.7
6/23/2024,10:00 AM,2.0
6/23/2024,11:00 AM,5.2
6/23/2024,12:00 PM,13.5
6/23/2024,1:00 PM,10.9
6/23/2024,2:00 PM,3.8
6/23/2024,3:00 PM,1.8
6/23/2024,4:00 PM,3.4
6/23/2024,5:00 PM,3.0
6/23/2024,6:00 PM,3.5
6/23/2024,7:00 PM,3.8
6/23/2024,8:00 PM,2.9
6/23/2024,9:00 PM,2.6
6/23/2024,10:00 PM,2.6
6/23/2024,11:00 PM,2.8
6/23/2024,24:00 AM,2.7
6/24/2024,1:00 AM,2.0
6/24/2024,2:00 AM,1.4
6/24/2024,3:00 AM,1.0
6/24/2024,4:00 AM,0.9
6/24/2024,5:00 AM,0.8
6/24/2024,6:00 AM,1.0
6/24/2024,7:00 AM,1.2
6/24/2024,8:00 AM,0.9
6/24/2024,9:00 AM,1.0
6/24/2024,10:00 AM,1.0
6/24/2024,11:00 AM,1.1
6/24/2024,12:00 PM,1.6
6/24/2024,1:00 PM,2.4
6/24/2024,2:00 PM,2.6
6/24/2024,3:00 PM,5.8
6/24/2024,4:00 PM,
6/24/2024,5:00 PM,
6/24/2024,6:00 PM,
6/24/2024,7:00 PM,
6/24/2024,8:00 PM,
6/24/2024,9:00 PM,
6/24/2024,10:00 PM,
6/24/2024,11:00 PM,
6/24/2024,24:00 AM,
6/25/2024,1:00 AM,
6/25/2024,2:00 AM,
6/25/2024,3:00 AM,
6/25/2024,4:00 AM,8.5
6/25/2024,5:00 AM,9.3
6/25/2024,6:00 AM,8.6
6/25/2024,7:00 AM,5.9
6/25/2024,8:00 AM,5.7
6/25/2024,9:00 AM,9.8
6/25/2024,10:00 AM,12.3
6/25/2024,11:00 AM,13.3
6/25/2024,12:00 PM,13.3
6/25/2024,1:00 PM,14.1
6/25/2024,2:00 PM,12.7
6/25/2024,3:00 PM,11.6
6/25/2024,4:00 PM,9.6
6/25/2024,5:00 PM,9.0
6/25/2024,6:00 PM,10.1
6/25/2024,7:00 PM,10.4
6/25/2024,8:00 PM,11.5
6/25/2024,9:00 PM,12.7
6/25/2024,10:00 PM,12.4
6/25/2024,11:00 PM,12.2
6/25/2024,24:00 AM,11.9
6/26/2024,1:00 AM,13.4
6/26/2024,2:00 AM,11.3
6/26/2024,3:00 AM,10.3
6/26/2024,4:00 AM,10.2
6/26/2024,5:00 AM,8.8
6/26/2024,6:00 AM,6.8
6/26/2024,7:00 AM,4.5
6/26/2024,8:00 AM,4.2
6/26/2024,9:00 AM,3.4
6/26/2024,10:00 AM,3.1
6/26/2024,11:00 AM,3.5
6/26/2024,12:00 PM,2.9
6/26/2024,1:00 PM,3.3
6/26/2024,2:00 PM,3.5
6/26/2024,3:00 PM,3.2
6/26/2024,4:00 PM,3.3
6/26/2024,5:00 PM,3.4
6/26/2024,6:00 PM,3.7
6/26/2024,7:00 PM,6.2
6/26/2024,8:00 PM,7.7
6/26/2024,9:00 PM,8.0
6/26/2024,10:00 PM,8.2
6/26/2024,11:00 PM,7.5
6/26/2024,24:00 AM,6.8
6/27/2024,1:00 AM,5.1
6/27/2024,2:00 AM,4.7
6/27/2024,3:00 AM,4.8
6/27/2024,4:00 AM,4.3
6/27/2024,5:00 AM,4.3
6/27/2024,6:00 AM,4.1
6/27/2024,7:00 AM,3.0
6/27/2024,8:00 AM,2.9
6/27/2024,9:00 AM,3.1
6/27/2024,10:00 AM,2.9
6/27/2024,11:00 AM,3.5
6/27/2024,12:00 PM,4.4
6/27/2024,1:00 PM,6.5
6/27/2024,2:00 PM,5.9
6/27/2024,3:00 PM,7.5
6/27/2024,4:00 PM,9.4
6/27/2024,5:00 PM,9.0
6/27/2024,6:00 PM,8.0
6/27/2024,7:00 PM,9.4
6/27/2024,8:00 PM,9.6
6/27/2024,9:00 PM,10.1
6/27/2024,10:00 PM,10.2
6/27/2024,11:00 PM,9.6
6/27/2024,24:00 AM,9.2
6/28/2024,1:00 AM,8.2
6/28/2024,2:00 AM,7.8
6/28/2024,3:00 AM,7.2
6/28/2024,4:00 AM,5.3
6/28/2024,5:00 AM,5.6
6/28/2024,6:00 AM,5.4
6/28/2024,7:00 AM,4.4
6/28/2024,8:00 AM,3.5
6/28/2024,9:00 AM,6.1
6/28/2024,10:00 AM,8.5
6/28/2024,11:00 AM,8.0
6/28/2024,12:00 PM,
6/28/2024,1:00 PM,
6/28/2024,2:00 PM,7.6
6/28/2024,3:00 PM,5.8
6/28/2024,4:00 PM,6.6
6/28/2024,5:00 PM,8.8
6/28/2024,6:00 PM,9.4
6/28/2024,7:00 PM,9.4
6/28/2024,8:00 PM,9.3
6/28/2024,9:00 PM,9.3
6/28/2024,10:00 PM,9.1
6/28/2024,11:00 PM,8.8
6/28/2024,24:00 AM,9.1
6/29/2024,1:00 AM,8.6
6/29/2024,2:00 AM,9.2
6/29/2024,3:00 AM,9.4
6/29/2024,4:00 AM,8.8
6/29/2024,5:00 AM,8.4
6/29/2024,6:00 AM,7.1
6/29/2024,7:00 AM,5.7
6/29/2024,8:00 AM,4.7
6/29/2024,9:00 AM,3.4
6/29/2024,10:00 AM,2.9
6/29/2024,11:00 AM,3.1
6/29/2024,12:00 PM,4.1
6/29/2024,1:00 PM,4.0
6/29/2024,2:00 PM,3.8
6/29/2024,3:00 PM,3.3
6/29/2024,4:00 PM,3.1
6/29/2024,5:00 PM,4.7
6/29/2024,6:00 PM,6.6
6/29/2024,7:00 PM,5.8
6/29/2024,8:00 PM,4.7
6/29/2024,9:00 PM,
6/29/2024,10:00 PM,3.2
6/29/2024,11:00 PM,3.5
6/29/2024,24:00 AM,3.1
6/30/2024,1:00 AM,2.9
6/30/2024,2:00 AM,3.7
6/30/2024,3:00 AM,3.7
6/30/2024,4:00 AM,2.8
6/30/2024,5:00 AM,2.7
6/30/2024,6:00 AM,2.1
6/30/2024,7:00 AM,1.9
6/30/2024,8:00 AM,2.1
6/30/2024,9:00 AM,2.2
6/30/2024,10:00 AM,1.8
6/30/2024,11:00 AM,2.6
6/30/2024,12:00 PM,3.1
6/30/2024,1:00 PM,3.3
6/30/2024,2:00 PM,3.1
6/30/2024,3:00 PM,3.5
6/30/2024,4:00 PM,3.3
6/30/2024,5:00 PM,5.0
6/30/2024,6:00 PM,21.5
6/30/2024,7:00 PM,28.0
6/30/2024,8:00 PM,19.8
6/30/2024,9:00 PM,15.8
6/30/2024,10:00 PM,15.7
6/30/2024,11:00 PM,12.4
6/30/2024,24:00 AM,11.4
7/1/2024,1:00 AM,8.6
7/1/2024,2:00 AM,10.6
7/1/2024,3:00 AM,8.8
7/1/2024,4:00 AM,6.5
7/1/2024,5:00 AM,3.1
7/1/2024,6:00 AM,2.8
7/1/2024,7:00 AM,2.3
7/1/2024,8:00 AM,1.2
7/1/2024,9:00 AM,1.1
7/1/2024,10:00 AM,1.9
7/1/2024,11:00 AM,2.2
7/1/2024,12:00 PM,3.0
7/1/2024,1:00 PM,3.4
7/1/2024,2:00 PM,4.2
7/1/2024,3:00 PM,3.9
7/1/2024,4:00 PM,3.9
7/1/2024,5:00 PM,3.5
7/1/2024,6:00 PM,3.1
7/1/2024,7:00 PM,2.8
7/1/2024,8:00 PM,2.6
7/1/2024,9:00 PM,2.6
7/1/2024,10:00 PM,3.0
7/1/2024,11:00 PM,3.1
7/1/2024,24:00 AM,2.1
7/2/2024,1:00 AM,1.7
7/2/2024,2:00 AM,1.5
7/2/2024,3:00 AM,1.6
7/2/2024,4:00 AM,2.1
7/2/2024,5:00 AM,2.9
7/2/2024,6:00 AM,2.3
7/2/2024,7:00 AM,2.2
7/2/2024,8:00 AM,2.2
7/2/2024,9:00 AM,2.3
7/2/2024,10:00 AM,2.4
7/2/2024,11:00 AM,2.7
7/2/2024,12:00 PM,3.2
7/2/2024,1:00 PM,4.5
7/2/2024,2:00 PM,5.3
7/2/2024,3:00 PM,5.2
7/2/2024,4:00 PM,3.2
7/2/2024,5:00 PM,2.7
7/2/2024,6:00 PM,2.1
7/2/2024,7:00 PM,2.1
7/2/2024,8:00 PM,2.0
7/2/2024,9:00 PM,2.2
7/2/2024,10:00 PM,2.4
7/2/2024,11:00 PM,2.3
7/2/2024,24:00 AM,2.3
7/3/2024,1:00 AM,3.2
7/3/2024,2:00 AM,3.7
7/3/2024,3:00 AM,2.5
7/3/2024,4:00 AM,2.8
7/3/2024,5:00 AM,2.8
7/3/2024,6:00 AM,2.1
7/3/2024,7:00 AM,2.0
7/3/2024,8:00 AM,1.4
7/3/2024,9:00 AM,2.2
7/3/2024,10:00 AM,3.0
7/3/2024,11:00 AM,3.1
7/3/2024,12:00 PM,2.4
7/3/2024,1:00 PM,2.2
7/3/2024,2:00 PM,2.2
7/3/2024,3:00 PM,2.7
7/3/2024,4:00 PM,3.9
7/3/2024,5:00 PM,6.6
7/3/2024,6:00 PM,6.9
7/3/2024,7:00 PM,6.4
7/3/2024,8:00 PM,6.3
7/3/2024,9:00 PM,8.3
7/3/2024,10:00 PM,6.5
7/3/2024,11:00 PM,7.0
7/3/2024,24:00 AM,6.0
7/4/2024,1:00 AM,6.3
7/4/2024,2:00 AM,4.6
7/4/2024,3:00 AM,4.0
7/4/2024,4:00 AM,3.4
7/4/2024,5:00 AM,1.5
7/4/2024,6:00 AM,4.0
7/4/2024,7:00 AM,4.9
7/4/2024,8:00 AM,4.4
7/4/2024,9:00 AM,2.5
7/4/2024,10:00 AM,1.7
7/4/2024,11:00 AM,2.8
7/4/2024,12:00 PM,4.2
7/4/2024,1:00 PM,6.4
7/4/2024,2:00 PM,6.0
7/4/2024,3:00 PM,5.2
7/4/2024,4:00 PM,5.3
7/4/2024,5:00 PM,5.8
7/4/2024,6:00 PM,7.0
7/4/2024,7:00 PM,7.8
7/4/2024,8:00 PM,8.4
7/4/2024,9:00 PM,10.9
7/4/2024,10:00 PM,10.8
7/4/2024,11:00 PM,11.3
7/4/2024,24:00 AM,10.9
7/5/2024,1:00 AM,11.0
7/5/2024,2:00 AM,
7/5/2024,3:00 AM,
7/5/2024,4:00 AM,
7/5/2024,5:00 AM,6.6
7/5/2024,6:00 AM,5.0
7/5/2024,7:00 AM,4.7
7/5/2024,8:00 AM,3.2
7/5/2024,9:00 AM,1.5
7/5/2024,10:00 AM,1.2
7/5/2024,11:00 AM,1.4
7/5/2024,12:00 PM,1.6
7/5/2024,1:00 PM,3.4
7/5/2024,2:00 PM,4.8
7/5/2024,3:00 PM,5.2
7/5/2024,4:00 PM,5.7
7/5/2024,5:00 PM,5.7
7/5/2024,6:00 PM,5.4
7/5/2024,7:00 PM,5.7
7/5/2024,8:00 PM,5.4
7/5/2024,9:00 PM,5.4
7/5/2024,10:00 PM,5.9
7/5/2024,11:00 PM,6.3
7/5/2024,24:00 AM,6.6
7/6/2024,1:00 AM,7.0
7/6/2024,2:00 AM,6.8
7/6/2024,3:00 AM,8.9
7/6/2024,4:00 AM,9.2
7/6/2024,5:00 AM,9.1
7/6/2024,6:00 AM,5.9
7/6/2024,7:00 AM,3.9
7/6/2024,8:00 AM,4.4
7/6/2024,9:00 AM,10.1
7/6/2024,10:00 AM,14.0
7/6/2024,11:00 AM,38.9
7/6/2024,12:00 PM,43.3
7/6/2024,1:00 PM,33.1
7/6/2024,2:00 PM,14.7
7/6/2024,3:00 PM,6.5
7/6/2024,4:00 PM,9.8
7/6/2024,5:00 PM,17.4
7/6/2024,6:00 PM,13.9
7/6/2024,7:00 PM,12.0
7/6/2024,8:00 PM,14.4
7/6/2024,9:00 PM,17.5
7/6/2024,10:00 PM,19.6
7/6/2024,11:00 PM,19.9
7/6/2024,24:00 AM,19.4
7/7/2024,1:00 AM,19.5
7/7/2024,2:00 AM,20.1
7/7/2024,3:00 AM,19.1
7/7/2024,4:00 AM,18.4
7/7/2024,5:00 AM,17.3
7/7/2024,6:00 AM,14.7
7/7/2024,7:00 AM,12.3
7/7/2024,8:00 AM,10.1
7/7/2024,9:00 AM,6.9
7/7/2024,10:00 AM,5.6
7/7/2024,11:00 AM,3.4
7/7/2024,12:00 PM,3.1
7/7/2024,1:00 PM,3.6
7/7/2024,2:00 PM,3.9
7/7/2024,3:00 PM,4.1
7/7/2024,4:00 PM,4.3
7/7/2024,5:00 PM,5.3
7/7/2024,6:00 PM,6.2
7/7/2024,7:00 PM,6.4
7/7/2024,8:00 PM,5.0
7/7/2024,9:00 PM,5.9
7/7/2024,10:00 PM,6.8
7/7/2024,11:00 PM,7.5
7/7/2024,24:00 AM,8.1
7/8/2024,1:00 AM,8.2
7/8/2024,2:00 AM,7.5
7/8/2024,3:00 AM,7.5
7/8/2024,4:00 AM,7.1
7/8/2024,5:00 AM,7.9
7/8/2024,6:00 AM,7.2
7/8/2024,7:00 AM,5.9
7/8/2024,8:00 AM,6.7
7/8/2024,9:00 AM,8.8
7/8/2024,10:00 AM,22.2
7/8/2024,11:00 AM,59.8
7/8/2024,12:00 PM,118.2
7/8/2024,1:00 PM,103.8
7/8/2024,2:00 PM,102.8
7/8/2024,3:00 PM,95.9
7/8/2024,4:00 PM,85.1
7/8/2024,5:00 PM,83.2
7/8/2024,6:00 PM,96.2
7/8/2024,7:00 PM,92.4
7/8/2024,8:00 PM,85.5
7/8/2024,9:00 PM,78.4
7/8/2024,10:00 PM,71.4
7/8/2024,11:00 PM,65.4
7/8/2024,24:00 AM,62.3
7/9/2024,1:00 AM,59.4
7/9/2024,2:00 AM,54.3
7/9/2024,3:00 AM,52.7
7/9/2024,4:00 AM,46.8
7/9/2024,5:00 AM,38.3
7/9/2024,6:00 AM,33.8
7/9/2024,7:00 AM,29.5
7/9/2024,8:00 AM,22.4
7/9/2024,9:00 AM,
7/9/2024,10:00 AM,9.2
7/9/2024,11:00 AM,9.3
7/9/2024,12:00 PM,6.9
7/9/2024,1:00 PM,4.5
7/9/2024,2:00 PM,2.3
7/9/2024,3:00 PM,2.7
7/9/2024,4:00 PM,2.7
7/9/2024,5:00 PM,8.6
7/9/2024,6:00 PM,5.9
7/9/2024,7:00 PM,4.0
7/9/2024,8:00 PM,4.2
7/9/2024,9:00 PM,4.3
7/9/2024,10:00 PM,6.1
7/9/2024,11:00 PM,6.3
7/9/2024,24:00 AM,6.4
7/10/2024,1:00 AM,7.3
7/10/2024,2:00 AM,7.9
7/10/2024,3:00 AM,9.1
7/10/2024,4:00 AM,8.1
7/10/2024,5:00 AM,8.5
7/10/2024,6:00 AM,9.2
7/10/2024,7:00 AM,8.4
7/10/2024,8:00 AM,10.5
7/10/2024,9:00 AM,17.3
7/10/2024,10:00 AM,39.1
7/10/2024,11:00 AM,80.1
7/10/2024,12:00 PM,140.8
7/10/2024,1:00 PM,168.4
7/10/2024,2:00 PM,49.1
7/10/2024,3:00 PM,2.1
7/10/2024,4:00 PM,1.5
7/10/2024,5:00 PM,1.2
7/10/2024,6:00 PM,1.3
7/10/2024,7:00 PM,1.0
7/10/2024,8:00 PM,0.6
7/10/2024,9:00 PM,0.9
7/10/2024,10:00 PM,0.7
7/10/2024,11:00 PM,0.6
7/10/2024,24:00 AM,1.1
7/11/2024,1:00 AM,0.7
7/11/2024,2:00 AM,0.7
7/11/2024,3:00 AM,0.5
7/11/2024,4:00 AM,0.1
7/11/2024,5:00 AM,0.5
7/11/2024,6:00 AM,2.2
7/11/2024,7:00 AM,0.5
7/11/2024,8:00 AM,0.0
7/11/2024,9:00 AM,0.9
7/11/2024,10:00 AM,0.5
7/11/2024,11:00 AM,0.5
7/11/2024,12:00 PM,0.4
7/11/2024,1:00 PM,0.2
7/11/2024,2:00 PM,0.3
7/11/2024,3:00 PM,0.3
7/11/2024,4:00 PM,0.0
7/11/2024,5:00 PM,0.2
7/11/2024,6:00 PM,0.2
7/11/2024,7:00 PM,0.9
7/11/2024,8:00 PM,1.3
7/11/2024,9:00 PM,0.6
7/11/2024,10:00 PM,0.6
7/11/2024,11:00 PM,0.6
7/11/2024,24:00 AM,0.2
7/12/2024,1:00 AM,0.2
7/12/2024,2:00 AM,0.2
7/12/2024,3:00 AM,0.2
7/12/2024,4:00 AM,0.3
7/12/2024,5:00 AM,0.8
7/12/2024,6:00 AM,0.8
7/12/2024,7:00 AM,0.9
7/12/2024,8:00 AM,0.6
7/12/2024,9:00 AM,0.7
7/12/2024,10:00 AM,0.4
7/12/2024,11:00 AM,0.3
7/12/2024,12:00 PM,0.4
7/12/2024,1:00 PM,0.4
7/12/2024,2:00 PM,0.4
7/12/2024,3:00 PM,0.5
7/12/2024,4:00 PM,0.5
7/12/2024,5:00 PM,0.5
7/12/2024,6:00 PM,0.6
7/12/2024,7:00 PM,1.0
7/12/2024,8:00 PM,0.8
7/12/2024,9:00 PM,0.8
7/12/2024,10:00 PM,1.0
7/12/2024,11:00 PM,1.2
7/12/2024,24:00 AM,1.3
7/13/2024,1:00 AM,1.1
7/13/2024,2:00 AM,1.1
7/13/2024,3:00 AM,1.2
7/13/2024,4:00 AM,1.6
7/13/2024,5:00 AM,2.3
7/13/2024,6:00 AM,1.6
7/13/2024,7:00 AM,1.6
7/13/2024,8:00 AM,1.8
7/13/2024,9:00 AM,2.4
7/13/2024,10:00 AM,2.9
7/13/2024,11:00 AM,3.4
7/13/2024,12:00 PM,4.3
7/13/2024,1:00 PM,4.6
7/13/2024,2:00 PM,13.0
7/13/2024,3:00 PM,12.7
7/13/2024,4:00 PM,8.8
7/13/2024,5:00 PM,5.7
7/13/2024,6:00 PM,5.8
7/13/2024,7:00 PM,5.2
7/13/2024,8:00 PM,4.7
7/13/2024,9:00 PM,5.0
7/13/2024,10:00 PM,4.4
7/13/2024,11:00 PM,4.4
7/13/2024,24:00 AM,3.6
7/14/2024,1:00 AM,3.7
7/14/2024,2:00 AM,3.6
7/14/2024,3:00 AM,3.9
7/14/2024,4:00 AM,3.3
7/14/2024,5:00 AM,2.8
7/14/2024,6:00 AM,1.7
7/14/2024,7:00 AM,1.9
7/14/2024,8:00 AM,2.3
7/14/2024,9:00 AM,2.5
7/14/2024,10:00 AM,2.1
7/14/2024,11:00 AM,2.3
7/14/2024,12:00 PM,1.5
7/14/2024,1:00 PM,1.6
7/14/2024,2:00 PM,2.0
7/14/2024,3:00 PM,2.3
7/14/2024,4:00 PM,2.0
7/14/2024,5:00 PM,4.0
7/14/2024,6:00 PM,5.1
7/14/2024,7:00 PM,5.5
7/14/2024,8:00 PM,5.3
7/14/2024,9:00 PM,5.3
7/14/2024,10:00 PM,6.0
7/14/2024,11:00 PM,6.4
7/14/2024,24:00 AM,5.9
7/15/2024,1:00 AM,5.5
7/15/2024,2:00 AM,5.7
7/15/2024,3:00 AM,5.5
7/15/2024,4:00 AM,5.9
7/15/2024,5:00 AM,4.6
7/15/2024,6:00 AM,3.8
7/15/2024,7:00 AM,3.5
7/15/2024,8:00 AM,2.8
7/15/2024,9:00 AM,3.1
7/15/2024,10:00 AM,5.3
7/15/2024,11:00 AM,7.2
7/15/2024,12:00 PM,7.7
7/15/2024,1:00 PM,7.3
7/15/2024,2:00 PM,7.4
7/15/2024,3:00 PM,6.4
7/15/2024,4:00 PM,6.9
7/15/2024,5:00 PM,7.8
7/15/2024,6:00 PM,8.7
7/15/2024,7:00 PM,8.9
7/15/2024,8:00 PM,7.7
7/15/2024,9:00 PM,7.8
7/15/2024,10:00 PM,6.7
7/15/2024,11:00 PM,6.2
7/15/2024,24:00 AM,6.3
7/16/2024,1:00 AM,5.7
7/16/2024,2:00 AM,6.1
7/16/2024,3:00 AM,5.3
7/16/2024,4:00 AM,4.8
7/16/2024,5:00 AM,4.5
7/16/2024,6:00 AM,3.2
7/16/2024,7:00 AM,2.4
7/16/2024,8:00 AM,2.4
7/16/2024,9:00 AM,2.1
7/16/2024,10:00 AM,2.0
7/16/2024,11:00 AM,2.0
7/16/2024,12:00 PM,2.4
7/16/2024,1:00 PM,2.1
7/16/2024,2:00 PM,2.1
7/16/2024,3:00 PM,2.4
7/16/2024,4:00 PM,2.8
7/16/2024,5:00 PM,3.4
7/16/2024,6:00 PM,4.6
7/16/2024,7:00 PM,5.3
7/16/2024,8:00 PM,5.4
7/16/2024,9:00 PM,5.4
7/16/2024,10:00 PM,5.6
7/16/2024,11:00 PM,5.2
7/16/2024,24:00 AM,5.4
7/17/2024,1:00 AM,5.7
7/17/2024,2:00 AM,5.8
7/17/2024,3:00 AM,4.2
7/17/2024,4:00 AM,4.0
7/17/2024,5:00 AM,4.2
7/17/2024,6:00 AM,2.7
7/17/2024,7:00 AM,2.2
7/17/2024,8:00 AM,2.0
7/17/2024,9:00 AM,2.1
7/17/2024,10:00 AM,2.1
7/17/2024,11:00 AM,2.1
7/17/2024,12:00 PM,
7/17/2024,1:00 PM,
7/17/2024,2:00 PM,3.5
7/17/2024,3:00 PM,5.2
7/17/2024,4:00 PM,6.3
7/17/2024,5:00 PM,7.5
7/17/2024,6:00 PM,11.9
7/17/2024,7:00 PM,12.6
7/17/2024,8:00 PM,10.4
7/17/2024,9:00 PM,10.2
7/17/2024,10:00 PM,11.5
7/17/2024,11:00 PM,10.5
7/17/2024,24:00 AM,10.9
7/18/2024,1:00 AM,12.0
7/18/2024,2:00 AM,11.3
7/18/2024,3:00 AM,9.8
7/18/2024,4:00 AM,9.2
7/18/2024,5:00 AM,14.6
7/18/2024,6:00 AM,11.6
7/18/2024,7:00 AM,8.0
7/18/2024,8:00 AM,7.2
7/18/2024,9:00 AM,9.1
7/18/2024,10:00 AM,6.9
7/18/2024,11:00 AM,7.7
7/18/2024,12:00 PM,4.1
7/18/2024,1:00 PM,5.6
7/18/2024,2:00 PM,6.7
7/18/2024,3:00 PM,7.3
7/18/2024,4:00 PM,9.0
7/18/2024,5:00 PM,12.5
7/18/2024,6:00 PM,12.7
7/18/2024,7:00 PM,13.2
7/18/2024,8:00 PM,14.7
7/18/2024,9:00 PM,16.2
7/18/2024,10:00 PM,
7/18/2024,11:00 PM,15.2
7/18/2024,24:00 AM,12.7
7/19/2024,1:00 AM,12.0
7/19/2024,2:00 AM,11.5
7/19/2024,3:00 AM,19.9
7/19/2024,4:00 AM,151.6
7/19/2024,5:00 AM,204.9
7/19/2024,6:00 AM,132.5
7/19/2024,7:00 AM,159.9
7/19/2024,8:00 AM,115.3
7/19/2024,9:00 AM,202.4
7/19/2024,10:00 AM,305.4
7/19/2024,11:00 AM,288.9
7/19/2024,12:00 PM,211.1
7/19/2024,1:00 PM,376.1
7/19/2024,2:00 PM,396.2
7/19/2024,3:00 PM,391.2
7/19/2024,4:00 PM,358.9
7/19/2024,5:00 PM,331.9
7/19/2024,6:00 PM,338.1
7/19/2024,7:00 PM,318.7
7/19/2024,8:00 PM,312.5
7/19/2024,9:00 PM,302.0
7/19/2024,10:00 PM,292.0
7/19/2024,11:00 PM,301.8
7/19/2024,24:00 AM,267.0
7/20/2024,1:00 AM,273.5
7/20/2024,2:00 AM,235.0
7/20/2024,3:00 AM,208.2
7/20/2024,4:00 AM,211.5
7/20/2024,5:00 AM,181.2
7/20/2024,6:00 AM,168.8
7/20/2024,7:00 AM,164.2
7/20/2024,8:00 AM,181.6
7/20/2024,9:00 AM,170.7
7/20/2024,10:00 AM,161.1
7/20/2024,11:00 AM,155.8
7/20/2024,12:00 PM,93.0
7/20/2024,1:00 PM,43.4
7/20/2024,2:00 PM,14.4
7/20/2024,3:00 PM,15.2
7/20/2024,4:00 PM,29.4
7/20/2024,5:00 PM,14.4
7/20/2024,6:00 PM,14.6
7/20/2024,7:00 PM,14.4
7/20/2024,8:00 PM,18.9
7/20/2024,9:00 PM,29.3
7/20/2024,10:00 PM,27.5
7/20/2024,11:00 PM,24.4
7/20/2024,24:00 AM,58.0
7/21/2024,1:00 AM,37.9
7/21/2024,2:00 AM,26.2
7/21/2024,3:00 AM,23.5
7/21/2024,4:00 AM,23.2
7/21/2024,5:00 AM,25.5
7/21/2024,6:00 AM,26.0
7/21/2024,7:00 AM,23.2
7/21/2024,8:00 AM,32.4
7/21/2024,9:00 AM,76.4
7/21/2024,10:00 AM,72.5
7/21/2024,11:00 AM,94.4
7/21/2024,12:00 PM,87.7
7/21/2024,1:00 PM,51.6
7/21/2024,2:00 PM,36.2
7/21/2024,3:00 PM,27.7
7/21/2024,4:00 PM,30.1
7/21/2024,5:00 PM,32.5
7/21/2024,6:00 PM,31.8
7/21/2024,7:00 PM,25.3
7/21/2024,8:00 PM,24.6
7/21/2024,9:00 PM,35.8
7/21/2024,10:00 PM,44.1
7/21/2024,11:00 PM,59.0
7/21/2024,24:00 AM,66.1
7/22/2024,1:00 AM,93.4
7/22/2024,2:00 AM,78.2
7/22/2024,3:00 AM,79.6
7/22/2024,4:00 AM,77.6
7/22/2024,5:00 AM,77.2
7/22/2024,6:00 AM,67.7
7/22/2024,7:00 AM,64.2
7/22/2024,8:00 AM,60.9
7/22/2024,9:00 AM,81.8
7/22/2024,10:00 AM,66.3
7/22/2024,11:00 AM,72.4
7/22/2024,12:00 PM,86.2
7/22/2024,1:00 PM,110.8
7/22/2024,2:00 PM,135.9
7/22/2024,3:00 PM,135.2
7/22/2024,4:00 PM,126.9
7/22/2024,5:00 PM,138.1
7/22/2024,6:00 PM,115.7
7/22/2024,7:00 PM,69.6
7/22/2024,8:00 PM,27.7
7/22/2024,9:00 PM,26.9
7/22/2024,10:00 PM,28.6
7/22/2024,11:00 PM,27.3
7/22/2024,24:00 AM,26.7
7/23/2024,1:00 AM,44.0
7/23/2024,2:00 AM,26.2
7/23/2024,3:00 AM,22.5
7/23/2024,4:00 AM,17.6
7/23/2024,5:00 AM,14.7
7/23/2024,6:00 AM,3.7
7/23/2024,7:00 AM,3.4
7/23/2024,8:00 AM,3.0
7/23/2024,9:00 AM,9.2
7/23/2024,10:00 AM,2.6
7/23/2024,11:00 AM,1.3
7/23/2024,12:00 PM,1.0
7/23/2024,1:00 PM,1.0
7/23/2024,2:00 PM,0.8
7/23/2024,3:00 PM,0.6
7/23/2024,4:00 PM,0.4
7/23/2024,5:00 PM,0.8
7/23/2024,6:00 PM,0.6
7/23/2024,7:00 PM,0.7
7/23/2024,8:00 PM,0.7
7/23/2024,9:00 PM,0.8
7/23/2024,10:00 PM,0.5
7/23/2024,11:00 PM,0.7
7/23/2024,24:00 AM,0.9
7/24/2024,1:00 AM,1.2
7/24/2024,2:00 AM,1.6
7/24/2024,3:00 AM,1.4
7/24/2024,4:00 AM,1.4
7/24/2024,5:00 AM,2.0
7/24/2024,6:00 AM,2.2
7/24/2024,7:00 AM,2.7
7/24/2024,8:00 AM,2.9
7/24/2024,9:00 AM,4.1
7/24/2024,10:00 AM,5.0
7/24/2024,11:00 AM,5.3
7/24/2024,12:00 PM,4.1
7/24/2024,1:00 PM,5.9
7/24/2024,2:00 PM,6.9
7/24/2024,3:00 PM,8.5
7/24/2024,4:00 PM,8.7
7/24/2024,5:00 PM,5.6
7/24/2024,6:00 PM,4.9
7/24/2024,7:00 PM,3.3
7/24/2024,8:00 PM,3.3
7/24/2024,9:00 PM,4.0
7/24/2024,10:00 PM,3.6
7/24/2024,11:00 PM,3.3
7/24/2024,24:00 AM,3.2
7/25/2024,1:00 AM,2.6
7/25/2024,2:00 AM,2.2
7/25/2024,3:00 AM,2.5
7/25/2024,4:00 AM,2.6
7/25/2024,5:00 AM,2.2
7/25/2024,6:00 AM,2.4
7/25/2024,7:00 AM,2.5
7/25/2024,8:00 AM,2.6
7/25/2024,9:00 AM,2.9
7/25/2024,10:00 AM,2.3
7/25/2024,11:00 AM,1.6
7/25/2024,12:00 PM,1.8
7/25/2024,1:00 PM,2.2
7/25/2024,2:00 PM,4.7
7/25/2024,3:00 PM,4.7
7/25/2024,4:00 PM,4.4
7/25/2024,5:00 PM,6.8
7/25/2024,6:00 PM,7.3
7/25/2024,7:00 PM,6.9
7/25/2024,8:00 PM,6.5
7/25/2024,9:00 PM,6.0
7/25/2024,10:00 PM,16.7
7/25/2024,11:00 PM,16.9
7/25/2024,24:00 AM,13.6
7/26/2024,1:00 AM,11.9
7/26/2024,2:00 AM,10.4
7/26/2024,3:00 AM,8.5
7/26/2024,4:00 AM,7.4
7/26/2024,5:00 AM,6.3
7/26/2024,6:00 AM,4.1
7/26/2024,7:00 AM,4.6
7/26/2024,8:00 AM,4.5
7/26/2024,9:00 AM,5.9
7/26/2024,10:00 AM,7.2
7/26/2024,11:00 AM,6.6
7/26/2024,12:00 PM,5.6
7/26/2024,1:00 PM,6.2
7/26/2024,2:00 PM,7.7
7/26/2024,3:00 PM,10.2
7/26/2024,4:00 PM,12.2
7/26/2024,5:00 PM,15.5
7/26/2024,6:00 PM,18.7
7/26/2024,7:00 PM,21.3
7/26/2024,8:00 PM,17.5
7/26/2024,9:00 PM,14.5
7/26/2024,10:00 PM,14.0
7/26/2024,11:00 PM,13.3
7/26/2024,24:00 AM,12.8
7/27/2024,1:00 AM,16.9
7/27/2024,2:00 AM,13.1
7/27/2024,3:00 AM,11.8
7/27/2024,4:00 AM,10.5
7/27/2024,5:00 AM,9.7
7/27/2024,6:00 AM,6.9
7/27/2024,7:00 AM,5.6
7/27/2024,8:00 AM,5.8
7/27/2024,9:00 AM,6.0
7/27/2024,10:00 AM,5.7
7/27/2024,11:00 AM,8.1
7/27/2024,12:00 PM,10.7
7/27/2024,1:00 PM,14.1
7/27/2024,2:00 PM,14.3
7/27/2024,3:00 PM,12.1
7/27/2024,4:00 PM,10.6
7/27/2024,5:00 PM,10.7
7/27/2024,6:00 PM,9.6
7/27/2024,7:00 PM,9.5
7/27/2024,8:00 PM,9.6
7/27/2024,9:00 PM,9.0
7/27/2024,10:00 PM,9.2
7/27/2024,11:00 PM,9.4
7/27/2024,24:00 AM,9.4
7/28/2024,1:00 AM,9.1
7/28/2024,2:00 AM,7.9
7/28/2024,3:00 AM,7.4
7/28/2024,4:00 AM,6.9
7/28/2024,5:00 AM,5.5
7/28/2024,6:00 AM,3.6
7/28/2024,7:00 AM,2.9
7/28/2024,8:00 AM,1.6
7/28/2024,9:00 AM,1.6
7/28/2024,10:00 AM,1.3
7/28/2024,11:00 AM,1.5
7/28/2024,12:00 PM,1.6
7/28/2024,1:00 PM,1.5
7/28/2024,2:00 PM,1.6
7/28/2024,3:00 PM,1.8
7/28/2024,4:00 PM,1.8
7/28/2024,5:00 PM,3.8
7/28/2024,6:00 PM,4.0
7/28/2024,7:00 PM,5.1
7/28/2024,8:00 PM,4.9
7/28/2024,9:00 PM,5.0
7/28/2024,10:00 PM,3.9
7/28/2024,11:00 PM,3.8
7/28/2024,24:00 AM,4.6
7/29/2024,1:00 AM,6.1
7/29/2024,2:00 AM,4.4
7/29/2024,3:00 AM,4.0
7/29/2024,4:00 AM,3.6
7/29/2024,5:00 AM,3.2
7/29/2024,6:00 AM,2.4
7/29/2024,7:00 AM,2.3
7/29/2024,8:00 AM,2.6
7/29/2024,9:00 AM,2.8
7/29/2024,10:00 AM,2.2
7/29/2024,11:00 AM,2.0
7/29/2024,12:00 PM,1.8
7/29/2024,1:00 PM,2.3
7/29/2024,2:00 PM,3.0
7/29/2024,3:00 PM,3.9
7/29/2024,4:00 PM,4.3
7/29/2024,5:00 PM,5.0
7/29/2024,6:00 PM,5.1
7/29/2024,7:00 PM,5.6
7/29/2024,8:00 PM,6.4
7/29/2024,9:00 PM,6.6
7/29/2024,10:00 PM,6.7
7/29/2024,11:00 PM,6.8
7/29/2024,24:00 AM,5.2
7/30/2024,1:00 AM,4.1
7/30/2024,2:00 AM,3.3
7/30/2024,3:00 AM,3.1
7/30/2024,4:00 AM,3.2
7/30/2024,5:00 AM,4.0
7/30/2024,6:00 AM,3.6
7/30/2024,7:00 AM,3.4
7/30/2024,8:00 AM,2.8
7/30/2024,9:00 AM,2.6
7/30/2024,10:00 AM,3.2
7/30/2024,11:00 AM,3.7
7/30/2024,12:00 PM,5.1
7/30/2024,1:00 PM,6.4
7/30/2024,2:00 PM,7.1
7/30/2024,3:00 PM,9.5
7/30/2024,4:00 PM,8.5
7/30/2024,5:00 PM,8.8
7/30/2024,6:00 PM,7.4
7/30/2024,7:00 PM,6.9
7/30/2024,8:00 PM,7.2
7/30/2024,9:00 PM,7.1
7/30/2024,10:00 PM,6.2
7/30/2024,11:00 PM,6.5
7/30/2024,24:00 AM,5.9
7/31/2024,1:00 AM,5.5
7/31/2024,2:00 AM,4.4
7/31/2024,3:00 AM,4.2
7/31/2024,4:00 AM,4.2
7/31/2024,5:00 AM,4.1
7/31/2024,6:00 AM,4.4
7/31/2024,7:00 AM,4.0
7/31/2024,8:00 AM,3.9
7/31/2024,9:00 AM,3.7
7/31/2024,10:00 AM,3.5
7/31/2024,11:00 AM,3.9
7/31/2024,12:00 PM,3.3
7/31/2024,1:00 PM,3.2
7/31/2024,2:00 PM,3.2
7/31/2024,3:00 PM,3.6
7/31/2024,4:00 PM,3.0
7/31/2024,5:00 PM,3.1
7/31/2024,6:00 PM,2.7
7/31/2024,7:00 PM,3.0
7/31/2024,8:00 PM,3.3
7/31/2024,9:00 PM,4.0
7/31/2024,10:00 PM,4.0
7/31/2024,11:00 PM,3.8
7/31/2024,24:00 AM,3.6
8/1/2024,1:00 AM,2.9
8/1/2024,2:00 AM,2.9
8/1/2024,3:00 AM,2.8
8/1/2024,4:00 AM,2.0
8/1/2024,5:00 AM,1.0
8/1/2024,6:00 AM,2.0
8/1/2024,7:00 AM,3.4
8/1/2024,8:00 AM,2.8
8/1/2024,9:00 AM,2.8
8/1/2024,10:00 AM,2.0
8/1/2024,11:00 AM,1.4
8/1/2024,12:00 PM,1.7
8/1/2024,1:00 PM,1.8
8/1/2024,2:00 PM,1.4
8/1/2024,3:00 PM,1.2
8/1/2024,4:00 PM,1.3
8/1/2024,5:00 PM,1.3
8/1/2024,6:00 PM,1.2
8/1/2024,7:00 PM,1.2
8/1/2024,8:00 PM,1.4
8/1/2024,9:00 PM,1.3
8/1/2024,10:00 PM,0.8
8/1/2024,11:00 PM,1.2
8/1/2024,24:00 AM,1.4
8/2/2024,1:00 AM,1.3
8/2/2024,2:00 AM,1.1
8/2/2024,3:00 AM,1.1
8/2/2024,4:00 AM,0.9
8/2/2024,5:00 AM,1.0
8/2/2024,6:00 AM,1.3
8/2/2024,7:00 AM,1.7
8/2/2024,8:00 AM,1.9
8/2/2024,9:00 AM,2.1
8/2/2024,10:00 AM,2.4
8/2/2024,11:00 AM,2.4
8/2/2024,12:00 PM,1.9
8/2/2024,1:00 PM,2.9
8/2/2024,2:00 PM,3.8
8/2/2024,3:00 PM,4.8
8/2/2024,4:00 PM,5.2
8/2/2024,5:00 PM,7.0
8/2/2024,6:00 PM,12.3
8/2/2024,7:00 PM,8.3
8/2/2024,8:00 PM,6.3
8/2/2024,9:00 PM,6.2
8/2/2024,10:00 PM,6.6
8/2/2024,11:00 PM,5.8
8/2/2024,24:00 AM,4.9
8/3/2024,1:00 AM,3.7
8/3/2024,2:00 AM,2.3
8/3/2024,3:00 AM,1.5
8/3/2024,4:00 AM,1.4
8/3/2024,5:00 AM,1.5
8/3/2024,6:00 AM,1.5
8/3/2024,7:00 AM,1.8
8/3/2024,8:00 AM,2.5
8/3/2024,9:00 AM,3.5
8/3/2024,10:00 AM,3.3
8/3/2024,11:00 AM,3.2
8/3/2024,12:00 PM,3.2
8/3/2024,1:00 PM,4.9
8/3/2024,2:00 PM,5.3
8/3/2024,3:00 PM,6.8
8/3/2024,4:00 PM,8.6
8/3/2024,5:00 PM,10.6
8/3/2024,6:00 PM,10.8
8/3/2024,7:00 PM,9.6
8/3/2024,8:00 PM,6.7
8/3/2024,9:00 PM,8.8
8/3/2024,10:00 PM,8.2
8/3/2024,11:00 PM,7.6
8/3/2024,24:00 AM,7.3
8/4/2024,1:00 AM,6.2
8/4/2024,2:00 AM,4.7
8/4/2024,3:00 AM,5.0
8/4/2024,4:00 AM,8.7
8/4/2024,5:00 AM,12.7
8/4/2024,6:00 AM,22.5
8/4/2024,7:00 AM,7.0
8/4/2024,8:00 AM,3.7
8/4/2024,9:00 AM,1.3
8/4/2024,10:00 AM,0.7
8/4/2024,11:00 AM,1.3
8/4/2024,12:00 PM,1.8
8/4/2024,1:00 PM,2.0
8/4/2024,2:00 PM,2.1
8/4/2024,3:00 PM,2.1
8/4/2024,4:00 PM,3.1
8/4/2024,5:00 PM,5.8
8/4/2024,6:00 PM,4.2
8/4/2024,7:00 PM,4.2
8/4/2024,8:00 PM,3.5
8/4/2024,9:00 PM,4.0
8/4/2024,10:00 PM,4.0
8/4/2024,11:00 PM,4.9
8/4/2024,24:00 AM,5.1
8/5/2024,1:00 AM,5.0
8/5/2024,2:00 AM,4.5
8/5/2024,3:00 AM,4.3
8/5/2024,4:00 AM,4.1
8/5/2024,5:00 AM,4.9
8/5/2024,6:00 AM,5.5
8/5/2024,7:00 AM,7.9
8/5/2024,8:00 AM,8.2
8/5/2024,9:00 AM,7.2
8/5/2024,10:00 AM,5.8
8/5/2024,11:00 AM,5.9
8/5/2024,12:00 PM,6.7
8/5/2024,1:00 PM,7.5
8/5/2024,2:00 PM,8.7
8/5/2024,3:00 PM,9.2
8/5/2024,4:00 PM,11.5
8/5/2024,5:00 PM,14.8
8/5/2024,6:00 PM,12.8
8/5/2024,7:00 PM,14.7
8/5/2024,8:00 PM,10.7
8/5/2024,9:00 PM,9.4
8/5/2024,10:00 PM,8.3
8/5/2024,11:00 PM,6.8
8/5/2024,24:00 AM,6.4
8/6/2024,1:00 AM,5.4
8/6/2024,2:00 AM,4.6
8/6/2024,3:00 AM,4.3
8/6/2024,4:00 AM,3.6
8/6/2024,5:00 AM,4.4
8/6/2024,6:00 AM,4.5
8/6/2024,7:00 AM,4.5
8/6/2024,8:00 AM,4.6
8/6/2024,9:00 AM,3.9
8/6/2024,10:00 AM,2.9
8/6/2024,11:00 AM,3.2
8/6/2024,12:00 PM,4.6
8/6/2024,1:00 PM,8.0
8/6/2024,2:00 PM,14.0
8/6/2024,3:00 PM,19.7
8/6/2024,4:00 PM,24.3
8/6/2024,5:00 PM,27.9
8/6/2024,6:00 PM,24.9
8/6/2024,7:00 PM,30.3
8/6/2024,8:00 PM,33.2
8/6/2024,9:00 PM,28.9
8/6/2024,10:00 PM,26.7
8/6/2024,11:00 PM,24.9
8/6/2024,24:00 AM,21.5
8/7/2024,1:00 AM,19.5
8/7/2024,2:00 AM,17.1
8/7/2024,3:00 AM,15.4
8/7/2024,4:00 AM,14.0
8/7/2024,5:00 AM,13.1
8/7/2024,6:00 AM,11.8
8/7/2024,7:00 AM,13.2
8/7/2024,8:00 AM,13.0
8/7/2024,9:00 AM,13.4
8/7/2024,10:00 AM,12.7
8/7/2024,11:00 AM,11.0
8/7/2024,12:00 PM,8.6
8/7/2024,1:00 PM,7.8
8/7/2024,2:00 PM,8.6
8/7/2024,3:00 PM,8.6
8/7/2024,4:00 PM,8.3
8/7/2024,5:00 PM,8.9
8/7/2024,6:00 PM,10.2
8/7/2024,7:00 PM,10.7
8/7/2024,8:00 PM,12.1
8/7/2024,9:00 PM,13.6
8/7/2024,10:00 PM,13.8
8/7/2024,11:00 PM,13.2
8/7/2024,24:00 AM,12.4
8/8/2024,1:00 AM,12.6
8/8/2024,2:00 AM,13.0
8/8/2024,3:00 AM,12.4
8/8/2024,4:00 AM,12.0
8/8/2024,5:00 AM,11.9
8/8/2024,6:00 AM,10.4
8/8/2024,7:00 AM,9.7
8/8/2024,8:00 AM,9.5
8/8/2024,9:00 AM,9.2
8/8/2024,10:00 AM,11.2
8/8/2024,11:00 AM,13.6
8/8/2024,12:00 PM,16.1
8/8/2024,1:00 PM,16.4
8/8/2024,2:00 PM,15.1
8/8/2024,3:00 PM,12.8
8/8/2024,4:00 PM,11.6
8/8/2024,5:00 PM,13.3
8/8/2024,6:00 PM,14.0
8/8/2024,7:00 PM,13.2
8/8/2024,8:00 PM,12.1
8/8/2024,9:00 PM,11.6
8/8/2024,10:00 PM,10.8
8/8/2024,11:00 PM,10.5
8/8/2024,24:00 AM,10.8
8/9/2024,1:00 AM,10.6
8/9/2024,2:00 AM,9.9
8/9/2024,3:00 AM,9.9
8/9/2024,4:00 AM,9.2
8/9/2024,5:00 AM,8.9
8/9/2024,6:00 AM,7.5
8/9/2024,7:00 AM,6.5
8/9/2024,8:00 AM,5.4
8/9/2024,9:00 AM,6.4
8/9/2024,10:00 AM,7.3
8/9/2024,11:00 AM,8.9
8/9/2024,12:00 PM,12.0
8/9/2024,1:00 PM,13.9
8/9/2024,2:00 PM,15.0
8/9/2024,3:00 PM,14.4
8/9/2024,4:00 PM,12.4
8/9/2024,5:00 PM,12.0
8/9/2024,6:00 PM,11.1
8/9/2024,7:00 PM,15.4
8/9/2024,8:00 PM,16.5
8/9/2024,9:00 PM,14.8
8/9/2024,10:00 PM,13.8
8/9/2024,11:00 PM,12.5
8/9/2024,24:00 AM,12.7
8/10/2024,1:00 AM,12.1
8/10/2024,2:00 AM,10.8
8/10/2024,3:00 AM,11.5
8/10/2024,4:00 AM,11.0
8/10/2024,5:00 AM,9.7
8/10/2024,6:00 AM,7.6
8/10/2024,7:00 AM,6.1
8/10/2024,8:00 AM,5.9
8/10/2024,9:00 AM,5.4
8/10/2024,10:00 AM,6.0
8/10/2024,11:00 AM,7.2
8/10/2024,12:00 PM,7.5
8/10/2024,1:00 PM,7.5
8/10/2024,2:00 PM,7.2
8/10/2024,3:00 PM,7.0
8/10/2024,4:00 PM,8.5
8/10/2024,5:00 PM,9.8
8/10/2024,6:00 PM,9.7
8/10/2024,7:00 PM,11.6
8/10/2024,8:00 PM,12.4
8/10/2024,9:00 PM,14.0
8/10/2024,10:00 PM,13.4
8/10/2024,11:00 PM,13.6
8/10/2024,24:00 AM,13.0
8/11/2024,1:00 AM,11.1
8/11/2024,2:00 AM,8.8
8/11/2024,3:00 AM,8.9
8/11/2024,4:00 AM,8.9
8/11/2024,5:00 AM,8.3
8/11/2024,6:00 AM,7.5
8/11/2024,7:00 AM,6.7
8/11/2024,8:00 AM,7.1
8/11/2024,9:00 AM,8.2
8/11/2024,10:00 AM,14.4
8/11/2024,11:00 AM,19.7
8/11/2024,12:00 PM,21.8
8/11/2024,1:00 PM,20.7
8/11/2024,2:00 PM,25.9
8/11/2024,3:00 PM,27.4
8/11/2024,4:00 PM,26.1
8/11/2024,5:00 PM,28.1
8/11/2024,6:00 PM,60.8
8/11/2024,7:00 PM,49.6
8/11/2024,8:00 PM,32.8
8/11/2024,9:00 PM,24.7
8/11/2024,10:00 PM,20.9
8/11/2024,11:00 PM,24.9
8/11/2024,24:00 AM,28.2
8/12/2024,1:00 AM,29.1
8/12/2024,2:00 AM,25.6
8/12/2024,3:00 AM,24.7
8/12/2024,4:00 AM,23.8
8/12/2024,5:00 AM,23.0
8/12/2024,6:00 AM,21.9
8/12/2024,7:00 AM,20.4
8/12/2024,8:00 AM,19.1
8/12/2024,9:00 AM,18.2
8/12/2024,10:00 AM,17.4
8/12/2024,11:00 AM,16.1
8/12/2024,12:00 PM,11.9
8/12/2024,1:00 PM,7.6
8/12/2024,2:00 PM,5.7
8/12/2024,3:00 PM,7.2
8/12/2024,4:00 PM,9.7
8/12/2024,5:00 PM,10.1
8/12/2024,6:00 PM,10.7
8/12/2024,7:00 PM,10.6
8/12/2024,8:00 PM,13.9
8/12/2024,9:00 PM,16.0
8/12/2024,10:00 PM,16.4
8/12/2024,11:00 PM,15.0
8/12/2024,24:00 AM,18.9
8/13/2024,1:00 AM,73.5
8/13/2024,2:00 AM,110.9
8/13/2024,3:00 AM,68.9
8/13/2024,4:00 AM,24.4
8/13/2024,5:00 AM,6.0
8/13/2024,6:00 AM,3.1
8/13/2024,7:00 AM,3.9
8/13/2024,8:00 AM,5.6
8/13/2024,9:00 AM,21.0
8/13/2024,10:00 AM,34.0
8/13/2024,11:00 AM,11.7
8/13/2024,12:00 PM,15.8
8/13/2024,1:00 PM,15.9
8/13/2024,2:00 PM,22.3
8/13/2024,3:00 PM,55.2
8/13/2024,4:00 PM,42.7
8/13/2024,5:00 PM,45.6
8/13/2024,6:00 PM,47.8
8/13/2024,7:00 PM,43.2
8/13/2024,8:00 PM,45.5
8/13/2024,9:00 PM,46.5
8/13/2024,10:00 PM,43.1
8/13/2024,11:00 PM,42.7
8/13/2024,24:00 AM,44.4
8/14/2024,1:00 AM,44.1
8/14/2024,2:00 AM,44.2
8/14/2024,3:00 AM,43.9
8/14/2024,4:00 AM,43.5
8/14/2024,5:00 AM,50.5
8/14/2024,6:00 AM,56.1
8/14/2024,7:00 AM,63.0
8/14/2024,8:00 AM,70.2
8/14/2024,9:00 AM,57.7
8/14/2024,10:00 AM,44.7
8/14/2024,11:00 AM,33.6
8/14/2024,12:00 PM,23.5
8/14/2024,1:00 PM,11.4
8/14/2024,2:00 PM,5.4
8/14/2024,3:00 PM,5.3
8/14/2024,4:00 PM,4.2
8/14/2024,5:00 PM,6.5
8/14/2024,6:00 PM,3.1
8/14/2024,7:00 PM,30.0
8/14/2024,8:00 PM,47.3
8/14/2024,9:00 PM,41.4
8/14/2024,10:00 PM,35.0
8/14/2024,11:00 PM,27.6
8/14/2024,24:00 AM,24.5
8/15/2024,1:00 AM,24.2
8/15/2024,2:00 AM,23.4
8/15/2024,3:00 AM,23.1
8/15/2024,4:00 AM,21.8
8/15/2024,5:00 AM,19.6
8/15/2024,6:00 AM,19.9
8/15/2024,7:00 AM,18.9
8/15/2024,8:00 AM,18.3
8/15/2024,9:00 AM,19.6
8/15/2024,10:00 AM,21.6
8/15/2024,11:00 AM,23.4
8/15/2024,12:00 PM,25.7
8/15/2024,1:00 PM,34.5
8/15/2024,2:00 PM,40.1
8/15/2024,3:00 PM,34.2
8/15/2024,4:00 PM,26.0
8/15/2024,5:00 PM,22.9
8/15/2024,6:00 PM,19.5
8/15/2024,7:00 PM,14.8
8/15/2024,8:00 PM,14.3
8/15/2024,9:00 PM,14.8
8/15/2024,10:00 PM,15.3
8/15/2024,11:00 PM,15.7
8/15/2024,24:00 AM,15.0
8/16/2024,1:00 AM,14.6
8/16/2024,2:00 AM,14.7
8/16/2024,3:00 AM,15.3
8/16/2024,4:00 AM,15.0
8/16/2024,5:00 AM,14.6
8/16/2024,6:00 AM,14.0
8/16/2024,7:00 AM,13.2
8/16/2024,8:00 AM,12.0
8/16/2024,9:00 AM,10.8
8/16/2024,10:00 AM,10.6
8/16/2024,11:00 AM,10.3
8/16/2024,12:00 PM,11.0
8/16/2024,1:00 PM,11.1
8/16/2024,2:00 PM,10.8
8/16/2024,3:00 PM,10.3
8/16/2024,4:00 PM,10.6
8/16/2024,5:00 PM,11.2
8/16/2024,6:00 PM,10.8
8/16/2024,7:00 PM,11.3
8/16/2024,8:00 PM,11.1
8/16/2024,9:00 PM,10.9
8/16/2024,10:00 PM,10.6
8/16/2024,11:00 PM,10.4
8/16/2024,24:00 AM,9.6
8/17/2024,1:00 AM,10.3
8/17/2024,2:00 AM,10.5
8/17/2024,3:00 AM,10.3
8/17/2024,4:00 AM,8.3
8/17/2024,5:00 AM,7.6
8/17/2024,6:00 AM,8.5
8/17/2024,7:00 AM,18.6
8/17/2024,8:00 AM,18.2
8/17/2024,9:00 AM,18.2
8/17/2024,10:00 AM,18.8
8/17/2024,11:00 AM,19.7
8/17/2024,12:00 PM,20.6
8/17/2024,1:00 PM,19.9
8/17/2024,2:00 PM,18.7
8/17/2024,3:00 PM,16.6
8/17/2024,4:00 PM,15.5
8/17/2024,5:00 PM,14.4
8/17/2024,6:00 PM,14.0
8/17/2024,7:00 PM,17.0
8/17/2024,8:00 PM,18.2
8/17/2024,9:00 PM,17.3
8/17/2024,10:00 PM,15.8
8/17/2024,11:00 PM,15.1
8/17/2024,24:00 AM,14.7
8/18/2024,1:00 AM,14.6
8/18/2024,2:00 AM,13.3
8/18/2024,3:00 AM,11.8
8/18/2024,4:00 AM,10.1
8/18/2024,5:00 AM,8.5
8/18/2024,6:00 AM,8.2
8/18/2024,7:00 AM,7.2
8/18/2024,8:00 AM,6.3
8/18/2024,9:00 AM,6.5
8/18/2024,10:00 AM,6.6
8/18/2024,11:00 AM,7.0
8/18/2024,12:00 PM,9.1
8/18/2024,1:00 PM,9.0
8/18/2024,2:00 PM,11.1
8/18/2024,3:00 PM,12.3
8/18/2024,4:00 PM,12.4
8/18/2024,5:00 PM,11.6
8/18/2024,6:00 PM,10.8
8/18/2024,7:00 PM,10.8
8/18/2024,8:00 PM,13.6
8/18/2024,9:00 PM,13.5
8/18/2024,10:00 PM,10.5
8/18/2024,11:00 PM,9.1
8/18/2024,24:00 AM,8.1
8/19/2024,1:00 AM,6.8
8/19/2024,2:00 AM,5.5
8/19/2024,3:00 AM,4.0
8/19/2024,4:00 AM,3.6
8/19/2024,5:00 AM,3.4
8/19/2024,6:00 AM,3.1
8/19/2024,7:00 AM,3.6
8/19/2024,8:00 AM,3.3
8/19/2024,9:00 AM,3.0
8/19/2024,10:00 AM,1.9
8/19/2024,11:00 AM,2.2
8/19/2024,12:00 PM,1.3
8/19/2024,1:00 PM,0.4
8/19/2024,2:00 PM,0.5
8/19/2024,3:00 PM,1.5
8/19/2024,4:00 PM,2.4
8/19/2024,5:00 PM,4.8
8/19/2024,6:00 PM,21.7
8/19/2024,7:00 PM,21.9
8/19/2024,8:00 PM,42.8
8/19/2024,9:00 PM,44.3
8/19/2024,10:00 PM,40.6
8/19/2024,11:00 PM,42.6
8/19/2024,24:00 AM,43.7
8/20/2024,1:00 AM,40.7
8/20/2024,2:00 AM,32.7
8/20/2024,3:00 AM,29.1
8/20/2024,4:00 AM,21.5
8/20/2024,5:00 AM,19.8
8/20/2024,6:00 AM,17.7
8/20/2024,7:00 AM,12.4
8/20/2024,8:00 AM,10.2
8/20/2024,9:00 AM,6.2
8/20/2024,10:00 AM,4.5
8/20/2024,11:00 AM,3.3
8/20/2024,12:00 PM,2.7
8/20/2024,1:00 PM,2.9
8/20/2024,2:00 PM,2.6
8/20/2024,3:00 PM,2.3
8/20/2024,4:00 PM,2.0
8/20/2024,5:00 PM,4.2
8/20/2024,6:00 PM,6.5
8/20/2024,7:00 PM,8.1
8/20/2024,8:00 PM,8.5
8/20/2024,9:00 PM,8.1
8/20/2024,10:00 PM,6.3
8/20/2024,11:00 PM,6.3
8/20/2024,24:00 AM,6.9
8/21/2024,1:00 AM,7.4
8/21/2024,2:00 AM,6.6
8/21/2024,3:00 AM,6.4
8/21/2024,4:00 AM,16.1
8/21/2024,5:00 AM,45.4
8/21/2024,6:00 AM,38.5
8/21/2024,7:00 AM,27.6
8/21/2024,8:00 AM,24.9
8/21/2024,9:00 AM,22.9
8/21/2024,10:00 AM,18.6
8/21/2024,11:00 AM,15.7
8/21/2024,12:00 PM,9.8
8/21/2024,1:00 PM,12.2
8/21/2024,2:00 PM,12.9
8/21/2024,3:00 PM,11.6
8/21/2024,4:00 PM,9.1
8/21/2024,5:00 PM,8.6
8/21/2024,6:00 PM,8.1
8/21/2024,7:00 PM,8.6
8/21/2024,8:00 PM,9.5
8/21/2024,9:00 PM,9.7
8/21/2024,10:00 PM,9.9
8/21/2024,11:00 PM,9.7
8/21/2024,24:00 AM,9.5
8/22/2024,1:00 AM,11.9
8/22/2024,2:00 AM,12.5
8/22/2024,3:00 AM,11.9
8/22/2024,4:00 AM,11.4
8/22/2024,5:00 AM,10.9
8/22/2024,6:00 AM,10.6
8/22/2024,7:00 AM,10.7
8/22/2024,8:00 AM,10.7
8/22/2024,9:00 AM,12.5
8/22/2024,10:00 AM,12.7
8/22/2024,11:00 AM,10.5
8/22/2024,12:00 PM,9.2
8/22/2024,1:00 PM,8.3
8/22/2024,2:00 PM,7.2
8/22/2024,3:00 PM,7.2
8/22/2024,4:00 PM,9.3
8/22/2024,5:00 PM,10.2
8/22/2024,6:00 PM,12.9
8/22/2024,7:00 PM,10.8
8/22/2024,8:00 PM,9.7
8/22/2024,9:00 PM,9.3
8/22/2024,10:00 PM,8.3
8/22/2024,11:00 PM,7.4
8/22/2024,24:00 AM,7.0
8/23/2024,1:00 AM,5.7
8/23/2024,2:00 AM,4.4
8/23/2024,3:00 AM,3.5
8/23/2024,4:00 AM,2.5
8/23/2024,5:00 AM,2.3
8/23/2024,6:00 AM,1.8
8/23/2024,7:00 AM,1.3
8/23/2024,8:00 AM,1.5
8/23/2024,9:00 AM,1.6
8/23/2024,10:00 AM,1.5
8/23/2024,11:00 AM,1.4
8/23/2024,12:00 PM,2.9
8/23/2024,1:00 PM,4.0
8/23/2024,2:00 PM,3.8
8/23/2024,3:00 PM,3.8
8/23/2024,4:00 PM,3.3
8/23/2024,5:00 PM,3.5
8/23/2024,6:00 PM,4.1
8/23/2024,7:00 PM,5.6
8/23/2024,8:00 PM,6.4
8/23/2024,9:00 PM,6.5
8/23/2024,10:00 PM,6.3
8/23/2024,11:00 PM,5.0
8/23/2024,24:00 AM,4.0
8/24/2024,1:00 AM,6.9
8/24/2024,2:00 AM,5.8
8/24/2024,3:00 AM,3.2
8/24/2024,4:00 AM,2.1
8/24/2024,5:00 AM,2.2
8/24/2024,6:00 AM,2.7
8/24/2024,7:00 AM,2.6
8/24/2024,8:00 AM,2.3
8/24/2024,9:00 AM,2.8
8/24/2024,10:00 AM,3.2
8/24/2024,11:00 AM,3.3
8/24/2024,12:00 PM,3.3
8/24/2024,1:00 PM,3.2
8/24/2024,2:00 PM,4.3
8/24/2024,3:00 PM,5.4
8/24/2024,4:00 PM,7.6
8/24/2024,5:00 PM,8.8
8/24/2024,6:00 PM,10.4
8/24/2024,7:00 PM,11.2
8/24/2024,8:00 PM,11.3
8/24/2024,9:00 PM,9.9
8/24/2024,10:00 PM,8.0
8/24/2024,11:00 PM,7.2
8/24/2024,24:00 AM,6.1
8/25/2024,1:00 AM,5.6
8/25/2024,2:00 AM,5.1
8/25/2024,3:00 AM,4.5
8/25/2024,4:00 AM,3.9
8/25/2024,5:00 AM,3.4
8/25/2024,6:00 AM,2.1
8/25/2024,7:00 AM,3.0
8/25/2024,8:00 AM,4.0
8/25/2024,9:00 AM,2.7
8/25/2024,10:00 AM,2.2
8/25/2024,11:00 AM,2.9
8/25/2024,12:00 PM,5.5
8/25/2024,1:00 PM,7.5
8/25/2024,2:00 PM,8.6
8/25/2024,3:00 PM,11.7
8/25/2024,4:00 PM,13.1
8/25/2024,5:00 PM,14.6
8/25/2024,6:00 PM,13.7
8/25/2024,7:00 PM,13.6
8/25/2024,8:00 PM,13.3
8/25/2024,9:00 PM,13.1
8/25/2024,10:00 PM,11.2
8/25/2024,11:00 PM,9.6
8/25/2024,24:00 AM,7.9
8/26/2024,1:00 AM,6.7
8/26/2024,2:00 AM,4.3
8/26/2024,3:00 AM,2.8
8/26/2024,4:00 AM,1.9
8/26/2024,5:00 AM,1.4
8/26/2024,6:00 AM,1.4
8/26/2024,7:00 AM,1.4
8/26/2024,8:00 AM,1.7
8/26/2024,9:00 AM,0.8
8/26/2024,10:00 AM,0.5
8/26/2024,11:00 AM,0.7
8/26/2024,12:00 PM,1.2
8/26/2024,1:00 PM,1.6
8/26/2024,2:00 PM,2.0
8/26/2024,3:00 PM,2.2
8/26/2024,4:00 PM,2.6
8/26/2024,5:00 PM,3.0
8/26/2024,6:00 PM,2.7
8/26/2024,7:00 PM,3.6
8/26/2024,8:00 PM,3.6
8/26/2024,9:00 PM,2.8
8/26/2024,10:00 PM,2.5
8/26/2024,11:00 PM,2.1
8/26/2024,24:00 AM,1.9
8/27/2024,1:00 AM,2.2
8/27/2024,2:00 AM,2.2
8/27/2024,3:00 AM,1.8
8/27/2024,4:00 AM,1.3
8/27/2024,5:00 AM,1.2
8/27/2024,6:00 AM,1.2
8/27/2024,7:00 AM,1.2
8/27/2024,8:00 AM,1.5
8/27/2024,9:00 AM,1.5
8/27/2024,10:00 AM,1.2
8/27/2024,11:00 AM,1.0
8/27/2024,12:00 PM,1.2
8/27/2024,1:00 PM,1.7
8/27/2024,2:00 PM,2.0
8/27/2024,3:00 PM,2.2
8/27/2024,4:00 PM,2.4
8/27/2024,5:00 PM,2.8
8/27/2024,6:00 PM,2.8
8/27/2024,7:00 PM,2.6
8/27/2024,8:00 PM,2.1
8/27/2024,9:00 PM,1.5
8/27/2024,10:00 PM,1.6
8/27/2024,11:00 PM,1.3
8/27/2024,24:00 AM,1.3
8/28/2024,1:00 AM,1.1
8/28/2024,2:00 AM,1.1
8/28/2024,3:00 AM,0.9
8/28/2024,4:00 AM,1.0
8/28/2024,5:00 AM,0.8
8/28/2024,6:00 AM,0.8
8/28/2024,7:00 AM,0.7
8/28/2024,8:00 AM,0.7
8/28/2024,9:00 AM,1.3
8/28/2024,10:00 AM,1.8
8/28/2024,11:00 AM,
8/28/2024,12:00 PM,
8/28/2024,1:00 PM,
8/28/2024,2:00 PM,2.6
8/28/2024,3:00 PM,2.5
8/28/2024,4:00 PM,2.9
8/28/2024,5:00 PM,5.1
8/28/2024,6:00 PM,5.0
8/28/2024,7:00 PM,5.0
8/28/2024,8:00 PM,6.6
8/28/2024,9:00 PM,6.3
8/28/2024,10:00 PM,5.1
8/28/2024,11:00 PM,3.8
8/28/2024,24:00 AM,3.1
8/29/2024,1:00 AM,3.1
8/29/2024,2:00 AM,2.3
8/29/2024,3:00 AM,1.5
8/29/2024,4:00 AM,1.3
8/29/2024,5:00 AM,1.2
8/29/2024,6:00 AM,1.3
8/29/2024,7:00 AM,1.3
8/29/2024,8:00 AM,2.0
8/29/2024,9:00 AM,1.7
8/29/2024,10:00 AM,2.9
8/29/2024,11:00 AM,4.0
8/29/2024,12:00 PM,3.9
8/29/2024,1:00 PM,4.3
8/29/2024,2:00 PM,3.8
8/29/2024,3:00 PM,3.6
8/29/2024,4:00 PM,3.2
8/29/2024,5:00 PM,3.7
8/29/2024,6:00 PM,3.0
8/29/2024,7:00 PM,2.1
8/29/2024,8:00 PM,3.1
8/29/2024,9:00 PM,3.3
8/29/2024,10:00 PM,4.2
8/29/2024,11:00 PM,4.4
8/29/2024,24:00 AM,3.6
8/30/2024,1:00 AM,3.0
8/30/2024,2:00 AM,2.5
8/30/2024,3:00 AM,2.0
8/30/2024,4:00 AM,2.3
8/30/2024,5:00 AM,2.5
8/30/2024,6:00 AM,2.5
8/30/2024,7:00 AM,2.8
8/30/2024,8:00 AM,3.0
8/30/2024,9:00 AM,2.8
8/30/2024,10:00 AM,2.6
8/30/2024,11:00 AM,2.4
8/30/2024,12:00 PM,5.7
8/30/2024,1:00 PM,2.7
8/30/2024,2:00 PM,2.2
8/30/2024,3:00 PM,2.2
8/30/2024,4:00 PM,2.9
8/30/2024,5:00 PM,2.3
8/30/2024,6:00 PM,1.5
8/30/2024,7:00 PM,1.7
8/30/2024,8:00 PM,1.1
8/30/2024,9:00 PM,0.7
8/30/2024,10:00 PM,1.9
8/30/2024,11:00 PM,1.1
8/30/2024,24:00 AM,1.1
8/31/2024,1:00 AM,1.1
8/31/2024,2:00 AM,0.2
8/31/2024,3:00 AM,0.8
8/31/2024,4:00 AM,0.8
8/31/2024,5:00 AM,0.6
8/31/2024,6:00 AM,0.8
8/31/2024,7:00 AM,1.0
8/31/2024,8:00 AM,1.3
8/31/2024,9:00 AM,1.6
8/31/2024,10:00 AM,2.1
8/31/2024,11:00 AM,3.0
8/31/2024,12:00 PM,2.5
8/31/2024,1:00 PM,3.3
8/31/2024,2:00 PM,4.3
8/31/2024,3:00 PM,5.6
8/31/2024,4:00 PM,7.9
8/31/2024,5:00 PM,9.3
8/31/2024,6:00 PM,8.6
8/31/2024,7:00 PM,9.4
8/31/2024,8:00 PM,9.0
8/31/2024,9:00 PM,11.5
8/31/2024,10:00 PM,12.2
8/31/2024,11:00 PM,12.5
8/31/2024,24:00 AM,12.1
9/1/2024,1:00 AM,11.4
9/1/2024,2:00 AM,8.6
9/1/2024,3:00 AM,7.0
9/1/2024,4:00 AM,6.1
9/1/2024,5:00 AM,4.5
9/1/2024,6:00 AM,3.3
9/1/2024,7:00 AM,2.5
9/1/2024,8:00 AM,2.7
9/1/2024,9:00 AM,2.7
9/1/2024,10:00 AM,2.8
9/1/2024,11:00 AM,2.6
9/1/2024,12:00 PM,2.1
9/1/2024,1:00 PM,3.6
9/1/2024,2:00 PM,3.8
9/1/2024,3:00 PM,4.2
9/1/2024,4:00 PM,4.5
9/1/2024,5:00 PM,4.8
9/1/2024,6:00 PM,4.3
9/1/2024,7:00 PM,4.8
9/1/2024,8:00 PM,5.5
9/1/2024,9:00 PM,6.0
9/1/2024,10:00 PM,5.7
9/1/2024,11:00 PM,5.8
9/1/2024,24:00 AM,4.8
9/2/2024,1:00 AM,3.8
9/2/2024,2:00 AM,3.1
9/2/2024,3:00 AM,2.1
9/2/2024,4:00 AM,1.9
9/2/2024,5:00 AM,1.9
9/2/2024,6:00 AM,2.0
9/2/2024,7:00 AM,2.3
9/2/2024,8:00 AM,2.6
9/2/2024,9:00 AM,5.1
9/2/2024,10:00 AM,6.3
9/2/2024,11:00 AM,4.6
9/2/2024,12:00 PM,2.8
9/2/2024,1:00 PM,2.5
9/2/2024,2:00 PM,3.5
9/2/2024,3:00 PM,3.8
9/2/2024,4:00 PM,4.0
9/2/2024,5:00 PM,3.9
9/2/2024,6:00 PM,3.7
9/2/2024,7:00 PM,3.4
9/2/2024,8:00 PM,3.7
9/2/2024,9:00 PM,3.2
9/2/2024,10:00 PM,3.4
9/2/2024,11:00 PM,2.7
9/2/2024,24:00 AM,2.0
9/3/2024,1:00 AM,1.7
9/3/2024,2:00 AM,1.5
9/3/2024,3:00 AM,1.4
9/3/2024,4:00 AM,1.5
9/3/2024,5:00 AM,1.6
9/3/2024,6:00 AM,1.7
9/3/2024,7:00 AM,1.7
9/3/2024,8:00 AM,1.8
9/3/2024,9:00 AM,1.7
9/3/2024,10:00 AM,1.8
9/3/2024,11:00 AM,1.9
9/3/2024,12:00 PM,1.9
9/3/2024,1:00 PM,1.8
9/3/2024,2:00 PM,1.8
9/3/2024,3:00 PM,2.2
9/3/2024,4:00 PM,3.7
9/3/2024,5:00 PM,3.9
9/3/2024,6:00 PM,3.8
9/3/2024,7:00 PM,3.7
9/3/2024,8:00 PM,3.8
9/3/2024,9:00 PM,3.2
9/3/2024,10:00 PM,2.8
9/3/2024,11:00 PM,2.3
9/3/2024,24:00 AM,1.7
9/4/2024,1:00 AM,1.4
9/4/2024,2:00 AM,1.4
9/4/2024,3:00 AM,1.6
9/4/2024,4:00 AM,1.3
9/4/2024,5:00 AM,1.4
9/4/2024,6:00 AM,1.1
9/4/2024,7:00 AM,0.4
9/4/2024,8:00 AM,0.6
9/4/2024,9:00 AM,1.4
9/4/2024,10:00 AM,1.5
9/4/2024,11:00 AM,1.7
9/4/2024,12:00 PM,1.5
9/4/2024,1:00 PM,1.6
9/4/2024,2:00 PM,1.4
9/4/2024,3:00 PM,1.2
9/4/2024,4:00 PM,1.3
9/4/2024,5:00 PM,1.7
9/4/2024,6:00 PM,2.1
9/4/2024,7:00 PM,3.2
9/4/2024,8:00 PM,3.8
9/4/2024,9:00 PM,2.5
9/4/2024,10:00 PM,2.2
9/4/2024,11:00 PM,1.6
9/4/2024,24:00 AM,1.1
9/5/2024,1:00 AM,1.2
9/5/2024,2:00 AM,1.3
9/5/2024,3:00 AM,1.4
9/5/2024,4:00 AM,1.5
9/5/2024,5:00 AM,1.5
9/5/2024,6:00 AM,1.6
9/5/2024,7:00 AM,2.2
9/5/2024,8:00 AM,2.1
9/5/2024,9:00 AM,2.4
9/5/2024,10:00 AM,2.7
9/5/2024,11:00 AM,3.4
9/5/2024,12:00 PM,3.9
9/5/2024,1:00 PM,5.4
9/5/2024,2:00 PM,9.6
9/5/2024,3:00 PM,13.6
9/5/2024,4:00 PM,16.3
9/5/2024,5:00 PM,16.8
9/5/2024,6:00 PM,13.9
9/5/2024,7:00 PM,14.7
9/5/2024,8:00 PM,14.0
9/5/2024,9:00 PM,14.4
9/5/2024,10:00 PM,14.3
9/5/2024,11:00 PM,10.5
9/5/2024,24:00 AM,9.6
9/6/2024,1:00 AM,8.5
9/6/2024,2:00 AM,7.0
9/6/2024,3:00 AM,5.9
9/6/2024,4:00 AM,4.9
9/6/2024,5:00 AM,3.3
9/6/2024,6:00 AM,3.7
9/6/2024,7:00 AM,3.6
9/6/2024,8:00 AM,4.2
9/6/2024,9:00 AM,4.6
9/6/2024,10:00 AM,5.1
9/6/2024,11:00 AM,4.9
9/6/2024,12:00 PM,3.6
9/6/2024,1:00 PM,2.7
9/6/2024,2:00 PM,2.6
9/6/2024,3:00 PM,2.6
9/6/2024,4:00 PM,2.9
9/6/2024,5:00 PM,4.0
9/6/2024,6:00 PM,4.4
9/6/2024,7:00 PM,5.1
9/6/2024,8:00 PM,6.0
9/6/2024,9:00 PM,6.0
9/6/2024,10:00 PM,7.7
9/6/2024,11:00 PM,12.9
9/6/2024,24:00 AM,13.2
9/7/2024,1:00 AM,14.0
9/7/2024,2:00 AM,10.2
9/7/2024,3:00 AM,8.2
9/7/2024,4:00 AM,6.4
9/7/2024,5:00 AM,5.3
9/7/2024,6:00 AM,4.4
9/7/2024,7:00 AM,3.1
9/7/2024,8:00 AM,2.4
9/7/2024,9:00 AM,3.3
9/7/2024,10:00 AM,4.6
9/7/2024,11:00 AM,3.3
9/7/2024,12:00 PM,3.4
9/7/2024,1:00 PM,4.4
9/7/2024,2:00 PM,5.6
9/7/2024,3:00 PM,9.5
9/7/2024,4:00 PM,8.5
9/7/2024,5:00 PM,11.2
9/7/2024,6:00 PM,14.6
9/7/2024,7:00 PM,14.6
9/7/2024,8:00 PM,14.1
9/7/2024,9:00 PM,19.8
9/7/2024,10:00 PM,41.4
9/7/2024,11:00 PM,63.1
9/7/2024,24:00 AM,50.4
9/8/2024,1:00 AM,36.5
9/8/2024,2:00 AM,40.2
9/8/2024,3:00 AM,43.3
9/8/2024,4:00 AM,43.7
9/8/2024,5:00 AM,53.3
9/8/2024,6:00 AM,54.9
9/8/2024,7:00 AM,54.0
9/8/2024,8:00 AM,54.4
9/8/2024,9:00 AM,51.8
9/8/2024,10:00 AM,53.8
9/8/2024,11:00 AM,54.5
9/8/2024,12:00 PM,59.0
9/8/2024,1:00 PM,38.9
9/8/2024,2:00 PM,24.2
9/8/2024,3:00 PM,23.6
9/8/2024,4:00 PM,25.4
9/8/2024,5:00 PM,22.2
9/8/2024,6:00 PM,24.6
9/8/2024,7:00 PM,22.8
9/8/2024,8:00 PM,20.7
9/8/2024,9:00 PM,18.6
9/8/2024,10:00 PM,17.0
9/8/2024,11:00 PM,17.2
9/8/2024,24:00 AM,15.1
9/9/2024,1:00 AM,12.3
9/9/2024,2:00 AM,8.0
9/9/2024,3:00 AM,6.3
9/9/2024,4:00 AM,3.3
9/9/2024,5:00 AM,2.9
9/9/2024,6:00 AM,2.2
9/9/2024,7:00 AM,1.9
9/9/2024,8:00 AM,1.1
9/9/2024,9:00 AM,1.3
9/9/2024,10:00 AM,1.1
9/9/2024,11:00 AM,1.1
9/9/2024,12:00 PM,1.0
9/9/2024,1:00 PM,1.0
9/9/2024,2:00 PM,0.8
9/9/2024,3:00 PM,0.9
9/9/2024,4:00 PM,1.2
9/9/2024,5:00 PM,1.1
9/9/2024,6:00 PM,1.2
9/9/2024,7:00 PM,1.8
9/9/2024,8:00 PM,2.6
9/9/2024,9:00 PM,2.7
9/9/2024,10:00 PM,1.7
9/9/2024,11:00 PM,1.0
9/9/2024,24:00 AM,0.8
9/10/2024,1:00 AM,0.6
9/10/2024,2:00 AM,0.5
9/10/2024,3:00 AM,0.7
9/10/2024,4:00 AM,0.7
9/10/2024,5:00 AM,0.6
9/10/2024,6:00 AM,0.5
9/10/2024,7:00 AM,0.4
9/10/2024,8:00 AM,0.5
9/10/2024,9:00 AM,0.7
9/10/2024,10:00 AM,0.9
9/10/2024,11:00 AM,0.7
9/10/2024,12:00 PM,0.7
9/10/2024,1:00 PM,0.6
9/10/2024,2:00 PM,0.4
9/10/2024,3:00 PM,0.3
9/10/2024,4:00 PM,0.3
9/10/2024,5:00 PM,0.5
9/10/2024,6:00 PM,0.5
9/10/2024,7:00 PM,0.5
9/10/2024,8:00 PM,0.5
9/10/2024,9:00 PM,0.4
9/10/2024,10:00 PM,0.2
9/10/2024,11:00 PM,0.2
9/10/2024,24:00 AM,0.2
9/11/2024,1:00 AM,0.2
9/11/2024,2:00 AM,0.2
9/11/2024,3:00 AM,0.2
9/11/2024,4:00 AM,0.2
9/11/2024,5:00 AM,0.2
9/11/2024,6:00 AM,0.3
9/11/2024,7:00 AM,0.3
9/11/2024,8:00 AM,0.4
9/11/2024,9:00 AM,0.6
9/11/2024,10:00 AM,0.5
9/11/2024,11:00 AM,0.6
9/11/2024,12:00 PM,0.9
9/11/2024,1:00 PM,0.9
9/11/2024,2:00 PM,1.1
9/11/2024,3:00 PM,1.3
9/11/2024,4:00 PM,1.6
9/11/2024,5:00 PM,3.2
9/11/2024,6:00 PM,6.4
9/11/2024,7:00 PM,9.3
9/11/2024,8:00 PM,10.2
9/11/2024,9:00 PM,10.0
9/11/2024,10:00 PM,8.7
9/11/2024,11:00 PM,6.2
9/11/2024,24:00 AM,4.3
9/12/2024,1:00 AM,4.0
9/12/2024,2:00 AM,2.5
9/12/2024,3:00 AM,2.1
9/12/2024,4:00 AM,2.0
9/12/2024,5:00 AM,2.0
9/12/2024,6:00 AM,2.2
9/12/2024,7:00 AM,2.3
9/12/2024,8:00 AM,2.1
9/12/2024,9:00 AM,2.4
9/12/2024,10:00 AM,2.3
9/12/2024,11:00 AM,2.4
9/12/2024,12:00 PM,2.4
9/12/2024,1:00 PM,3.6
9/12/2024,2:00 PM,4.4
9/12/2024,3:00 PM,5.4
9/12/2024,4:00 PM,7.7
9/12/2024,5:00 PM,8.5
9/12/2024,6:00 PM,9.0
9/12/2024,7:00 PM,7.6
9/12/2024,8:00 PM,6.0
9/12/2024,9:00 PM,5.6
9/12/2024,10:00 PM,6.2
9/12/2024,11:00 PM,5.7
9/12/2024,24:00 AM,4.2
9/13/2024,1:00 AM,2.9
9/13/2024,2:00 AM,2.0
9/13/2024,3:00 AM,2.0
9/13/2024,4:00 AM,1.9
9/13/2024,5:00 AM,2.0
9/13/2024,6:00 AM,2.1
9/13/2024,7:00 AM,2.4
9/13/2024,8:00 AM,3.0
9/13/2024,9:00 AM,2.9
9/13/2024,10:00 AM,2.6
9/13/2024,11:00 AM,1.9
9/13/2024,12:00 PM,1.6
9/13/2024,1:00 PM,1.5
9/13/2024,2:00 PM,1.3
9/13/2024,3:00 PM,1.1
9/13/2024,4:00 PM,1.4
9/13/2024,5:00 PM,1.4
9/13/2024,6:00 PM,1.3
9/13/2024,7:00 PM,1.2
9/13/2024,8:00 PM,1.3
9/13/2024,9:00 PM,1.3
9/13/2024,10:00 PM,1.0
9/13/2024,11:00 PM,0.7
9/13/2024,24:00 AM,0.6
9/14/2024,1:00 AM,0.5
9/14/2024,2:00 AM,0.4
9/14/2024,3:00 AM,0.8
9/14/2024,4:00 AM,0.9
9/14/2024,5:00 AM,0.8
9/14/2024,6:00 AM,0.8
9/14/2024,7:00 AM,1.0
9/14/2024,8:00 AM,1.0
9/14/2024,9:00 AM,1.0
9/14/2024,10:00 AM,1.0
9/14/2024,11:00 AM,1.1
9/14/2024,12:00 PM,1.4
9/14/2024,1:00 PM,2.1
9/14/2024,2:00 PM,2.6
9/14/2024,3:00 PM,4.6
9/14/2024,4:00 PM,8.9
9/14/2024,5:00 PM,7.6
9/14/2024,6:00 PM,10.4
9/14/2024,7:00 PM,9.0
9/14/2024,8:00 PM,8.6
9/14/2024,9:00 PM,6.0
9/14/2024,10:00 PM,4.5
9/14/2024,11:00 PM,3.2
9/14/2024,24:00 AM,2.0
9/15/2024,1:00 AM,1.6
9/15/2024,2:00 AM,1.9
9/15/2024,3:00 AM,1.6
9/15/2024,4:00 AM,2.1
9/15/2024,5:00 AM,2.0
9/15/2024,6:00 AM,2.6
9/15/2024,7:00 AM,2.8
9/15/2024,8:00 AM,2.7
9/15/2024,9:00 AM,2.4
9/15/2024,10:00 AM,2.3
9/15/2024,11:00 AM,2.1
9/15/2024,12:00 PM,1.7
9/15/2024,1:00 PM,2.2
9/15/2024,2:00 PM,3.7
9/15/2024,3:00 PM,5.4
9/15/2024,4:00 PM,7.5
9/15/2024,5:00 PM,7.7
9/15/2024,6:00 PM,7.1
9/15/2024,7:00 PM,7.1
9/15/2024,8:00 PM,4.5
9/15/2024,9:00 PM,3.3
9/15/2024,10:00 PM,3.2
9/15/2024,11:00 PM,3.2
9/15/2024,24:00 AM,3.1
9/16/2024,1:00 AM,3.6
9/16/2024,2:00 AM,2.8
9/16/2024,3:00 AM,3.4
9/16/2024,4:00 AM,3.5
9/16/2024,5:00 AM,3.3
9/16/2024,6:00 AM,3.3
9/16/2024,7:00 AM,3.2
9/16/2024,8:00 AM,3.2
9/16/2024,9:00 AM,3.3
9/16/2024,10:00 AM,2.9
9/16/2024,11:00 AM,2.6
9/16/2024,12:00 PM,2.5
9/16/2024,1:00 PM,4.4
9/16/2024,2:00 PM,43.8
9/16/2024,3:00 PM,5.3
9/16/2024,4:00 PM,15.0
9/16/2024,5:00 PM,22.4
9/16/2024,6:00 PM,2.8
9/16/2024,7:00 PM,8.1
9/16/2024,8:00 PM,9.5
9/16/2024,9:00 PM,12.7
9/16/2024,10:00 PM,2.6
9/16/2024,11:00 PM,2.2
9/16/2024,24:00 AM,2.0
9/17/2024,1:00 AM,1.3
9/17/2024,2:00 AM,1.0
9/17/2024,3:00 AM,1.0
9/17/2024,4:00 AM,1.1
9/17/2024,5:00 AM,1.0
9/17/2024,6:00 AM,1.1
9/17/2024,7:00 AM,1.4
9/17/2024,8:00 AM,1.4
9/17/2024,9:00 AM,1.5
9/17/2024,10:00 AM,1.4
9/17/2024,11:00 AM,1.2
9/17/2024,12:00 PM,1.5
9/17/2024,1:00 PM,3.5
9/17/2024,2:00 PM,3.8
9/17/2024,3:00 PM,5.0
9/17/2024,4:00 PM,6.3
9/17/2024,5:00 PM,8.9
9/17/2024,6:00 PM,9.7
9/17/2024,7:00 PM,9.7
9/17/2024,8:00 PM,8.9
9/17/2024,9:00 PM,8.6
9/17/2024,10:00 PM,
9/17/2024,11:00 PM,69.8
9/17/2024,24:00 AM,51.9
9/18/2024,1:00 AM,42.9
9/18/2024,2:00 AM,31.4
9/18/2024,3:00 AM,25.4
9/18/2024,4:00 AM,23.2
9/18/2024,5:00 AM,23.6
9/18/2024,6:00 AM,23.2
9/18/2024,7:00 AM,21.3
9/18/2024,8:00 AM,20.1
9/18/2024,9:00 AM,13.9
9/18/2024,10:00 AM,6.0
9/18/2024,11:00 AM,1.5
9/18/2024,12:00 PM,0.9
9/18/2024,1:00 PM,0.9
9/18/2024,2:00 PM,0.9
9/18/2024,3:00 PM,1.0
9/18/2024,4:00 PM,1.1
9/18/2024,5:00 PM,1.4
9/18/2024,6:00 PM,1.6
9/18/2024,7:00 PM,1.1
9/18/2024,8:00 PM,1.1
9/18/2024,9:00 PM,1.0
9/18/2024,10:00 PM,0.9
9/18/2024,11:00 PM,0.8
9/18/2024,24:00 AM,0.8
9/19/2024,1:00 AM,0.9
9/19/2024,2:00 AM,0.7
9/19/2024,3:00 AM,0.7
9/19/2024,4:00 AM,0.7
9/19/2024,5:00 AM,0.8
9/19/2024,6:00 AM,0.7
9/19/2024,7:00 AM,1.1
9/19/2024,8:00 AM,1.1
9/19/2024,9:00 AM,1.0
9/19/2024,10:00 AM,0.8
9/19/2024,11:00 AM,0.4
9/19/2024,12:00 PM,0.4
9/19/2024,1:00 PM,0.4
9/19/2024,2:00 PM,0.4
9/19/2024,3:00 PM,0.5
9/19/2024,4:00 PM,0.6
9/19/2024,5:00 PM,0.7
9/19/2024,6:00 PM,0.6
9/19/2024,7:00 PM,0.8
9/19/2024,8:00 PM,0.4
9/19/2024,9:00 PM,0.2
9/19/2024,10:00 PM,0.0
9/19/2024,11:00 PM,0.0
9/19/2024,24:00 AM,0.0
9/20/2024,1:00 AM,0.3
9/20/2024,2:00 AM,0.4
9/20/2024,3:00 AM,1.0
9/20/2024,4:00 AM,1.5
9/20/2024,5:00 AM,1.1
9/20/2024,6:00 AM,1.0
9/20/2024,7:00 AM,0.8
9/20/2024,8:00 AM,0.6
9/20/2024,9:00 AM,0.7
9/20/2024,10:00 AM,0.6
9/20/2024,11:00 AM,1.3
9/20/2024,12:00 PM,1.0
9/20/2024,1:00 PM,0.5
9/20/2024,2:00 PM,0.4
9/20/2024,3:00 PM,0.5
9/20/2024,4:00 PM,0.5
9/20/2024,5:00 PM,0.7
9/20/2024,6:00 PM,0.8
9/20/2024,7:00 PM,0.8
9/20/2024,8:00 PM,0.6
9/20/2024,9:00 PM,0.6
9/20/2024,10:00 PM,0.7
9/20/2024,11:00 PM,0.8
9/20/2024,24:00 AM,0.9
9/21/2024,1:00 AM,1.1
9/21/2024,2:00 AM,1.0
9/21/2024,3:00 AM,1.0
9/21/2024,4:00 AM,0.9
9/21/2024,5:00 AM,0.8
9/21/2024,6:00 AM,0.7
9/21/2024,7:00 AM,0.7
9/21/2024,8:00 AM,0.7
9/21/2024,9:00 AM,0.8
9/21/2024,10:00 AM,0.8
9/21/2024,11:00 AM,0.9
9/21/2024,12:00 PM,0.8
9/21/2024,1:00 PM,0.8
9/21/2024,2:00 PM,0.9
9/21/2024,3:00 PM,1.0
9/21/2024,4:00 PM,1.1
9/21/2024,5:00 PM,1.4
9/21/2024,6:00 PM,1.4
9/21/2024,7:00 PM,1.9
9/21/2024,8:00 PM,2.0
9/21/2024,9:00 PM,1.8
9/21/2024,10:00 PM,1.4
9/21/2024,11:00 PM,1.0
9/21/2024,24:00 AM,0.9
9/22/2024,1:00 AM,0.9
9/22/2024,2:00 AM,1.1
9/22/2024,3:00 AM,1.1
9/22/2024,4:00 AM,1.1
9/22/2024,5:00 AM,1.1
9/22/2024,6:00 AM,1.5
9/22/2024,7:00 AM,1.4
9/22/2024,8:00 AM,1.6
9/22/2024,9:00 AM,2.2
9/22/2024,10:00 AM,2.6
9/22/2024,11:00 AM,2.7
9/22/2024,12:00 PM,2.5
9/22/2024,1:00 PM,2.7
9/22/2024,2:00 PM,2.5
9/22/2024,3:00 PM,2.6
9/22/2024,4:00 PM,3.6
9/22/2024,5:00 PM,3.6
9/22/2024,6:00 PM,4.9
9/22/2024,7:00 PM,7.2
9/22/2024,8:00 PM,7.4
9/22/2024,9:00 PM,6.8
9/22/2024,10:00 PM,6.1
9/22/2024,11:00 PM,5.6
9/22/2024,24:00 AM,3.7
9/23/2024,1:00 AM,3.0
9/23/2024,2:00 AM,1.9
9/23/2024,3:00 AM,2.2
9/23/2024,4:00 AM,2.2
9/23/2024,5:00 AM,2.1
9/23/2024,6:00 AM,2.0
9/23/2024,7:00 AM,2.1
9/23/2024,8:00 AM,1.9
9/23/2024,9:00 AM,1.9
9/23/2024,10:00 AM,1.9
9/23/2024,11:00 AM,2.0
9/23/2024,12:00 PM,2.1
9/23/2024,1:00 PM,2.0
9/23/2024,2:00 PM,2.3
9/23/2024,3:00 PM,2.4
9/23/2024,4:00 PM,2.9
9/23/2024,5:00 PM,6.6
9/23/2024,6:00 PM,8.0
9/23/2024,7:00 PM,8.6
9/23/2024,8:00 PM,8.0
9/23/2024,9:00 PM,6.7
9/23/2024,10:00 PM,6.2
9/23/2024,11:00 PM,5.9
9/23/2024,24:00 AM,5.1
9/24/2024,1:00 AM,3.7
9/24/2024,2:00 AM,2.1
9/24/2024,3:00 AM,1.5
9/24/2024,4:00 AM,1.5
9/24/2024,5:00 AM,1.5
9/24/2024,6:00 AM,1.6
9/24/2024,7:00 AM,1.8
9/24/2024,8:00 AM,1.7
9/24/2024,9:00 AM,1.6
9/24/2024,10:00 AM,1.3
9/24/2024,11:00 AM,1.3
9/24/2024,12:00 PM,1.5
9/24/2024,1:00 PM,1.6
9/24/2024,2:00 PM,1.9
9/24/2024,3:00 PM,1.7
9/24/2024,4:00 PM,1.9
9/24/2024,5:00 PM,3.5
9/24/2024,6:00 PM,4.2
9/24/2024,7:00 PM,4.6
9/24/2024,8:00 PM,4.3
9/24/2024,9:00 PM,3.4
9/24/2024,10:00 PM,2.3
9/24/2024,11:00 PM,1.4
9/24/2024,24:00 AM,1.4
9/25/2024,1:00 AM,1.5
9/25/2024,2:00 AM,1.4
9/25/2024,3:00 AM,1.4
9/25/2024,4:00 AM,1.3
9/25/2024,5:00 AM,1.3
9/25/2024,6:00 AM,1.4
9/25/2024,7:00 AM,1.6
9/25/2024,8:00 AM,1.6
9/25/2024,9:00 AM,1.8
9/25/2024,10:00 AM,1.9
9/25/2024,11:00 AM,1.7
9/25/2024,12:00 PM,1.5
9/25/2024,1:00 PM,1.3
9/25/2024,2:00 PM,1.3
9/25/2024,3:00 PM,1.0
9/25/2024,4:00 PM,0.8
9/25/2024,5:00 PM,0.9
9/25/2024,6:00 PM,0.8
9/25/2024,7:00 PM,0.6
9/25/2024,8:00 PM,0.4
9/25/2024,9:00 PM,0.5
9/25/2024,10:00 PM,0.6
9/25/2024,11:00 PM,0.6
9/25/2024,24:00 AM,0.7
9/26/2024,1:00 AM,0.8
9/26/2024,2:00 AM,0.8
9/26/2024,3:00 AM,0.8
9/26/2024,4:00 AM,0.8
9/26/2024,5:00 AM,0.7
9/26/2024,6:00 AM,0.7
9/26/2024,7:00 AM,0.4
9/26/2024,8:00 AM,0.4
9/26/2024,9:00 AM,0.5
9/26/2024,10:00 AM,0.0
9/26/2024,11:00 AM,0.0
9/26/2024,12:00 PM,
9/26/2024,1:00 PM,
9/26/2024,2:00 PM,
9/26/2024,3:00 PM,
9/26/2024,4:00 PM,0.1
9/26/2024,5:00 PM,0.2
9/26/2024,6:00 PM,1.1
9/26/2024,7:00 PM,3.2
9/26/2024,8:00 PM,0.8
9/26/2024,9:00 PM,0.8
9/26/2024,10:00 PM,0.4
9/26/2024,11:00 PM,0.9
9/26/2024,24:00 AM,0.9
9/27/2024,1:00 AM,0.9
9/27/2024,2:00 AM,0.9
9/27/2024,3:00 AM,0.9
9/27/2024,4:00 AM,0.9
9/27/2024,5:00 AM,1.0
9/27/2024,6:00 AM,1.0
9/27/2024,7:00 AM,1.5
9/27/2024,8:00 AM,1.6
9/27/2024,9:00 AM,2.0
9/27/2024,10:00 AM,2.1
9/27/2024,11:00 AM,2.5
9/27/2024,12:00 PM,2.3
9/27/2024,1:00 PM,2.2
9/27/2024,2:00 PM,1.5
9/27/2024,3:00 PM,1.4
9/27/2024,4:00 PM,1.4
9/27/2024,5:00 PM,1.6
9/27/2024,6:00 PM,1.4
9/27/2024,7:00 PM,1.6
9/27/2024,8:00 PM,1.7
9/27/2024,9:00 PM,1.8
9/27/2024,10:00 PM,1.7
9/27/2024,11:00 PM,0.9
9/27/2024,24:00 AM,0.6
9/28/2024,1:00 AM,1.0
9/28/2024,2:00 AM,0.8
9/28/2024,3:00 AM,0.8
9/28/2024,4:00 AM,0.7
9/28/2024,5:00 AM,0.6
9/28/2024,6:00 AM,1.3
9/28/2024,7:00 AM,1.1
9/28/2024,8:00 AM,0.9
9/28/2024,9:00 AM,0.6
9/28/2024,10:00 AM,0.6
9/28/2024,11:00 AM,0.3
9/28/2024,12:00 PM,0.1
9/28/2024,1:00 PM,0.1
9/28/2024,2:00 PM,0.0
9/28/2024,3:00 PM,0.2
9/28/2024,4:00 PM,0.3
9/28/2024,5:00 PM,0.4
9/28/2024,6:00 PM,1.6
9/28/2024,7:00 PM,1.2
9/28/2024,8:00 PM,1.1
9/28/2024,9:00 PM,1.0
9/28/2024,10:00 PM,1.1
9/28/2024,11:00 PM,0.8
9/28/2024,24:00 AM,0.7
9/29/2024,1:00 AM,0.6
9/29/2024,2:00 AM,0.6
9/29/2024,3:00 AM,0.5
9/29/2024,4:00 AM,0.7
9/29/2024,5:00 AM,0.7
9/29/2024,6:00 AM,0.5
9/29/2024,7:00 AM,0.6
9/29/2024,8:00 AM,0.7
9/29/2024,9:00 AM,0.6
9/29/2024,10:00 AM,1.0
9/29/2024,11:00 AM,6.7
9/29/2024,12:00 PM,11.3
9/29/2024,1:00 PM,10.2
9/29/2024,2:00 PM,6.9
9/29/2024,3:00 PM,4.0
9/29/2024,4:00 PM,3.5
9/29/2024,5:00 PM,3.4
9/29/2024,6:00 PM,2.6
9/29/2024,7:00 PM,4.7
9/29/2024,8:00 PM,5.0
9/29/2024,9:00 PM,2.1
9/29/2024,10:00 PM,0.2
9/29/2024,11:00 PM,0.3
9/29/2024,24:00 AM,0.3
9/30/2024,1:00 AM,0.5
9/30/2024,2:00 AM,0.6
9/30/2024,3:00 AM,0.7
9/30/2024,4:00 AM,0.7
9/30/2024,5:00 AM,0.8
9/30/2024,6:00 AM,0.9
9/30/2024,7:00 AM,1.1
9/30/2024,8:00 AM,1.3
9/30/2024,9:00 AM,1.3
9/30/2024,10:00 AM,1.0
9/30/2024,11:00 AM,0.4
9/30/2024,12:00 PM,0.3
9/30/2024,1:00 PM,0.3
9/30/2024,2:00 PM,0.2
9/30/2024,3:00 PM,0.5
9/30/2024,4:00 PM,0.5
9/30/2024,5:00 PM,0.7
9/30/2024,6:00 PM,0.4
9/30/2024,7:00 PM,0.5
9/30/2024,8:00 PM,0.4
9/30/2024,9:00 PM,0.8
9/30/2024,10:00 PM,1.0
9/30/2024,11:00 PM,1.2
9/30/2024,24:00 AM,1.2
10/1/2024,1:00 AM,1.3
10/1/2024,2:00 AM,1.2
10/1/2024,3:00 AM,1.3
10/1/2024,4:00 AM,1.1
10/1/2024,5:00 AM,1.2
10/1/2024,6:00 AM,1.1
10/1/2024,7:00 AM,1.7
10/1/2024,8:00 AM,1.5
10/1/2024,9:00 AM,1.3
10/1/2024,10:00 AM,1.4
10/1/2024,11:00 AM,1.7
10/1/2024,12:00 PM,2.0
10/1/2024,1:00 PM,2.6
10/1/2024,2:00 PM,2.7
10/1/2024,3:00 PM,2.4
10/1/2024,4:00 PM,3.3
10/1/2024,5:00 PM,8.1
10/1/2024,6:00 PM,
10/1/2024,7:00 PM,
10/1/2024,8:00 PM,8.3
10/1/2024,9:00 PM,3.5
10/1/2024,10:00 PM,2.8
10/1/2024,11:00 PM,2.5
10/1/2024,24:00 AM,2.1
10/2/2024,1:00 AM,3.5
10/2/2024,2:00 AM,6.2
10/2/2024,3:00 AM,
10/2/2024,4:00 AM,7.1
10/2/2024,5:00 AM,6.3
10/2/2024,6:00 AM,7.1
10/2/2024,7:00 AM,6.8
10/2/2024,8:00 AM,6.4
10/2/2024,9:00 AM,5.6
10/2/2024,10:00 AM,4.9
10/2/2024,11:00 AM,4.3
10/2/2024,12:00 PM,4.2
10/2/2024,1:00 PM,3.8
10/2/2024,2:00 PM,3.4
10/2/2024,3:00 PM,3.2
10/2/2024,4:00 PM,2.7
10/2/2024,5:00 PM,3.0
10/2/2024,6:00 PM,3.6
10/2/2024,7:00 PM,3.4
10/2/2024,8:00 PM,3.7
10/2/2024,9:00 PM,4.0
10/2/2024,10:00 PM,3.9
10/2/2024,11:00 PM,3.5
10/2/2024,24:00 AM,3.4
10/3/2024,1:00 AM,3.9
10/3/2024,2:00 AM,4.3
10/3/2024,3:00 AM,3.8
10/3/2024,4:00 AM,4.2
10/3/2024,5:00 AM,3.8
10/3/2024,6:00 AM,3.3
10/3/2024,7:00 AM,2.4
10/3/2024,8:00 AM,2.9
10/3/2024,9:00 AM,2.1
10/3/2024,10:00 AM,1.9
10/3/2024,11:00 AM,2.0
10/3/2024,12:00 PM,1.8
10/3/2024,1:00 PM,1.5
10/3/2024,2:00 PM,1.5
10/3/2024,3:00 PM,1.4
10/3/2024,4:00 PM,1.2
10/3/2024,5:00 PM,0.8
10/3/2024,6:00 PM,0.7
10/3/2024,7:00 PM,0.7
10/3/2024,8:00 PM,0.8
10/3/2024,9:00 PM,0.7
10/3/2024,10:00 PM,0.7
10/3/2024,11:00 PM,0.8
10/3/2024,24:00 AM,1.1
10/4/2024,1:00 AM,1.8
10/4/2024,2:00 AM,2.4
10/4/2024,3:00 AM,2.6
10/4/2024,4:00 AM,3.3
10/4/2024,5:00 AM,3.4
10/4/2024,6:00 AM,4.1
10/4/2024,7:00 AM,4.7
10/4/2024,8:00 AM,4.4
10/4/2024,9:00 AM,4.7
10/4/2024,10:00 AM,6.0
10/4/2024,11:00 AM,6.0
10/4/2024,12:00 PM,5.7
10/4/2024,1:00 PM,4.9
10/4/2024,2:00 PM,5.0
10/4/2024,3:00 PM,3.4
10/4/2024,4:00 PM,2.9
10/4/2024,5:00 PM,3.0
10/4/2024,6:00 PM,3.3
10/4/2024,7:00 PM,2.9
10/4/2024,8:00 PM,3.2
10/4/2024,9:00 PM,3.1
10/4/2024,10:00 PM,3.1
10/4/2024,11:00 PM,3.4
10/4/2024,24:00 AM,3.1
10/5/2024,1:00 AM,2.0
10/5/2024,2:00 AM,1.5
10/5/2024,3:00 AM,1.6
10/5/2024,4:00 AM,1.6
10/5/2024,5:00 AM,1.0
10/5/2024,6:00 AM,1.2
10/5/2024,7:00 AM,1.5
10/5/2024,8:00 AM,1.7
10/5/2024,9:00 AM,1.9
10/5/2024,10:00 AM,2.4
10/5/2024,11:00 AM,2.0
10/5/2024,12:00 PM,1.7
10/5/2024,1:00 PM,1.7
10/5/2024,2:00 PM,1.7
10/5/2024,3:00 PM,2.0
10/5/2024,4:00 PM,2.2
10/5/2024,5:00 PM,2.2
10/5/2024,6:00 PM,2.3
10/5/2024,7:00 PM,2.3
10/5/2024,8:00 PM,2.3
10/5/2024,9:00 PM,2.4
10/5/2024,10:00 PM,2.6
10/5/2024,11:00 PM,2.3
10/5/2024,24:00 AM,2.3
10/6/2024,1:00 AM,2.5
10/6/2024,2:00 AM,3.0
10/6/2024,3:00 AM,2.7
10/6/2024,4:00 AM,3.0
10/6/2024,5:00 AM,3.6
10/6/2024,6:00 AM,4.2
10/6/2024,7:00 AM,2.8
10/6/2024,8:00 AM,2.4
10/6/2024,9:00 AM,2.4
10/6/2024,10:00 AM,2.4
10/6/2024,11:00 AM,2.4
10/6/2024,12:00 PM,2.0
10/6/2024,1:00 PM,1.8
10/6/2024,2:00 PM,2.2
10/6/2024,3:00 PM,2.6
10/6/2024,4:00 PM,4.8
10/6/2024,5:00 PM,8.5
10/6/2024,6:00 PM,9.1
10/6/2024,7:00 PM,8.5
10/6/2024,8:00 PM,6.7
10/6/2024,9:00 PM,6.6
10/6/2024,10:00 PM,4.4
10/6/2024,11:00 PM,3.4
10/6/2024,24:00 AM,2.3
10/7/2024,1:00 AM,1.8
10/7/2024,2:00 AM,1.8
10/7/2024,3:00 AM,1.8
10/7/2024,4:00 AM,1.6
10/7/2024,5:00 AM,1.6
10/7/2024,6:00 AM,1.7
10/7/2024,7:00 AM,1.6
10/7/2024,8:00 AM,1.7
10/7/2024,9:00 AM,2.0
10/7/2024,10:00 AM,2.9
10/7/2024,11:00 AM,3.4
10/7/2024,12:00 PM,4.0
10/7/2024,1:00 PM,4.5
10/7/2024,2:00 PM,5.5
10/7/2024,3:00 PM,7.5
10/7/2024,4:00 PM,
10/7/2024,5:00 PM,
10/7/2024,6:00 PM,8.2
10/7/2024,7:00 PM,
10/7/2024,8:00 PM,6.4
10/7/2024,9:00 PM,5.2
10/7/2024,10:00 PM,4.5
10/7/2024,11:00 PM,3.7
10/7/2024,24:00 AM,3.9
10/8/2024,1:00 AM,2.6
10/8/2024,2:00 AM,2.0
10/8/2024,3:00 AM,2.0
10/8/2024,4:00 AM,2.1
10/8/2024,5:00 AM,2.1
10/8/2024,6:00 AM,2.0
10/8/2024,7:00 AM,2.0
10/8/2024,8:00 AM,2.2
10/8/2024,9:00 AM,2.7
10/8/2024,10:00 AM,2.8
10/8/2024,11:00 AM,4.1
10/8/2024,12:00 PM,4.2
10/8/2024,1:00 PM,4.0
10/8/2024,2:00 PM,3.6
10/8/2024,3:00 PM,4.1
10/8/2024,4:00 PM,4.0
10/8/2024,5:00 PM,4.4
10/8/2024,6:00 PM,4.2
10/8/2024,7:00 PM,4.3
10/8/2024,8:00 PM,3.5
10/8/2024,9:00 PM,3.5
10/8/2024,10:00 PM,2.9
10/8/2024,11:00 PM,2.7
10/8/2024,24:00 AM,3.2
10/9/2024,1:00 AM,3.3
10/9/2024,2:00 AM,3.0
10/9/2024,3:00 AM,2.8
10/9/2024,4:00 AM,3.0
10/9/2024,5:00 AM,3.1
10/9/2024,6:00 AM,2.4
10/9/2024,7:00 AM,2.3
10/9/2024,8:00 AM,1.9
10/9/2024,9:00 AM,2.5
10/9/2024,10:00 AM,2.8
10/9/2024,11:00 AM,2.4
10/9/2024,12:00 PM,2.1
10/9/2024,1:00 PM,1.4
10/9/2024,2:00 PM,1.0
10/9/2024,3:00 PM,1.1
10/9/2024,4:00 PM,0.9
10/9/2024,5:00 PM,1.9
10/9/2024,6:00 PM,1.3
10/9/2024,7:00 PM,1.1
10/9/2024,8:00 PM,1.3
10/9/2024,9:00 PM,1.4
10/9/2024,10:00 PM,1.4
10/9/2024,11:00 PM,2.0
10/9/2024,24:00 AM,2.5
10/10/2024,1:00 AM,2.5
10/10/2024,2:00 AM,2.4
10/10/2024,3:00 AM,1.9
10/10/2024,4:00 AM,2.0
10/10/2024,5:00 AM,1.9
10/10/2024,6:00 AM,1.8
10/10/2024,7:00 AM,1.6
10/10/2024,8:00 AM,2.1
10/10/2024,9:00 AM,1.9
10/10/2024,10:00 AM,1.8
10/10/2024,11:00 AM,1.5
10/10/2024,12:00 PM,1.1
10/10/2024,1:00 PM,0.6
10/10/2024,2:00 PM,0.5
10/10/2024,3:00 PM,0.4
10/10/2024,4:00 PM,0.5
10/10/2024,5:00 PM,0.7
10/10/2024,6:00 PM,0.8
10/10/2024,7:00 PM,1.0
10/10/2024,8:00 PM,1.2
10/10/2024,9:00 PM,1.4
10/10/2024,10:00 PM,1.4
10/10/2024,11:00 PM,1.2
10/10/2024,24:00 AM,1.2
10/11/2024,1:00 AM,1.1
10/11/2024,2:00 AM,1.1
10/11/2024,3:00 AM,1.3
10/11/2024,4:00 AM,1.4
10/11/2024,5:00 AM,1.6
10/11/2024,6:00 AM,1.5
10/11/2024,7:00 AM,1.6
10/11/2024,8:00 AM,1.7
10/11/2024,9:00 AM,2.0
10/11/2024,10:00 AM,1.9
10/11/2024,11:00 AM,1.8
10/11/2024,12:00 PM,1.1
10/11/2024,1:00 PM,0.8
10/11/2024,2:00 PM,0.7
10/11/2024,3:00 PM,0.8
10/11/2024,4:00 PM,0.8
10/11/2024,5:00 PM,0.7
10/11/2024,6:00 PM,0.7
10/11/2024,7:00 PM,1.1
10/11/2024,8:00 PM,1.4
10/11/2024,9:00 PM,1.2
10/11/2024,10:00 PM,1.3
10/11/2024,11:00 PM,1.0
10/11/2024,24:00 AM,1.0
10/12/2024,1:00 AM,1.2
10/12/2024,2:00 AM,1.4
10/12/2024,3:00 AM,1.0
10/12/2024,4:00 AM,1.1
10/12/2024,5:00 AM,1.0
10/12/2024,6:00 AM,1.0
10/12/2024,7:00 AM,1.0
10/12/2024,8:00 AM,1.0
10/12/2024,9:00 AM,1.2
10/12/2024,10:00 AM,1.5
10/12/2024,11:00 AM,2.2
10/12/2024,12:00 PM,2.7
10/12/2024,1:00 PM,2.8
10/12/2024,2:00 PM,2.8
10/12/2024,3:00 PM,2.9
10/12/2024,4:00 PM,2.8
10/12/2024,5:00 PM,2.9
10/12/2024,6:00 PM,2.7
10/12/2024,7:00 PM,2.3
10/12/2024,8:00 PM,2.8
10/12/2024,9:00 PM,2.6
10/12/2024,10:00 PM,3.1
10/12/2024,11:00 PM,3.5
10/12/2024,24:00 AM,3.2
10/13/2024,1:00 AM,3.8
10/13/2024,2:00 AM,4.6
10/13/2024,3:00 AM,4.3
10/13/2024,4:00 AM,4.5
10/13/2024,5:00 AM,4.6
10/13/2024,6:00 AM,4.6
10/13/2024,7:00 AM,4.4
10/13/2024,8:00 AM,4.4
10/13/2024,9:00 AM,5.1
10/13/2024,10:00 AM,5.7
10/13/2024,11:00 AM,5.0
10/13/2024,12:00 PM,3.2
10/13/2024,1:00 PM,2.7
10/13/2024,2:00 PM,4.0
10/13/2024,3:00 PM,4.8
10/13/2024,4:00 PM,6.9
10/13/2024,5:00 PM,8.7
10/13/2024,6:00 PM,9.5
10/13/2024,7:00 PM,9.7
10/13/2024,8:00 PM,9.5
10/13/2024,9:00 PM,9.5
10/13/2024,10:00 PM,8.9
10/13/2024,11:00 PM,8.0
10/13/2024,24:00 AM,7.1
10/14/2024,1:00 AM,6.4
10/14/2024,2:00 AM,5.9
10/14/2024,3:00 AM,6.5
10/14/2024,4:00 AM,6.3
10/14/2024,5:00 AM,5.8
10/14/2024,6:00 AM,5.0
10/14/2024,7:00 AM,5.6
10/14/2024,8:00 AM,5.1
10/14/2024,9:00 AM,4.9
10/14/2024,10:00 AM,3.2
10/14/2024,11:00 AM,2.5
10/14/2024,12:00 PM,2.5
10/14/2024,1:00 PM,2.8
10/14/2024,2:00 PM,3.1
10/14/2024,3:00 PM,4.0
10/14/2024,4:00 PM,4.9
10/14/2024,5:00 PM,4.4
10/14/2024,6:00 PM,4.3
10/14/2024,7:00 PM,4.0
10/14/2024,8:00 PM,3.5
10/14/2024,9:00 PM,2.6
10/14/2024,10:00 PM,2.2
10/14/2024,11:00 PM,2.0
10/14/2024,24:00 AM,1.9
10/15/2024,1:00 AM,1.8
10/15/2024,2:00 AM,1.8
10/15/2024,3:00 AM,1.8
10/15/2024,4:00 AM,2.1
10/15/2024,5:00 AM,2.1
10/15/2024,6:00 AM,2.0
10/15/2024,7:00 AM,1.7
10/15/2024,8:00 AM,1.6
10/15/2024,9:00 AM,1.7
10/15/2024,10:00 AM,1.5
10/15/2024,11:00 AM,1.2
10/15/2024,12:00 PM,1.0
10/15/2024,1:00 PM,0.9
10/15/2024,2:00 PM,0.8
10/15/2024,3:00 PM,0.7
10/15/2024,4:00 PM,0.9
10/15/2024,5:00 PM,1.1
10/15/2024,6:00 PM,1.2
10/15/2024,7:00 PM,1.4
10/15/2024,8:00 PM,1.2
10/15/2024,9:00 PM,1.2
10/15/2024,10:00 PM,1.0
10/15/2024,11:00 PM,1.0
10/15/2024,24:00 AM,1.0
10/16/2024,1:00 AM,1.2
10/16/2024,2:00 AM,1.0
10/16/2024,3:00 AM,1.0
10/16/2024,4:00 AM,1.1
10/16/2024,5:00 AM,1.4
10/16/2024,6:00 AM,1.7
10/16/2024,7:00 AM,1.8
10/16/2024,8:00 AM,1.6
10/16/2024,9:00 AM,1.6
10/16/2024,10:00 AM,1.7
10/16/2024,11:00 AM,1.9
10/16/2024,12:00 PM,2.0
10/16/2024,1:00 PM,1.9
10/16/2024,2:00 PM,2.0
10/16/2024,3:00 PM,2.1
10/16/2024,4:00 PM,2.2
10/16/2024,5:00 PM,2.1
10/16/2024,6:00 PM,1.0
10/16/2024,7:00 PM,0.9
10/16/2024,8:00 PM,0.9
10/16/2024,9:00 PM,0.9
10/16/2024,10:00 PM,1.0
10/16/2024,11:00 PM,1.1
10/16/2024,24:00 AM,1.1
10/17/2024,1:00 AM,1.1
10/17/2024,2:00 AM,0.9
10/17/2024,3:00 AM,0.8
10/17/2024,4:00 AM,0.8
10/17/2024,5:00 AM,0.9
10/17/2024,6:00 AM,0.9
10/17/2024,7:00 AM,1.0
10/17/2024,8:00 AM,1.2
10/17/2024,9:00 AM,1.3
10/17/2024,10:00 AM,1.6
10/17/2024,11:00 AM,1.3
10/17/2024,12:00 PM,0.6
10/17/2024,1:00 PM,0.5
10/17/2024,2:00 PM,0.5
10/17/2024,3:00 PM,0.4
10/17/2024,4:00 PM,0.4
10/17/2024,5:00 PM,0.6
10/17/2024,6:00 PM,0.6
10/17/2024,7:00 PM,0.5
10/17/2024,8:00 PM,0.7
10/17/2024,9:00 PM,0.7
10/17/2024,10:00 PM,0.8
10/17/2024,11:00 PM,0.7
10/17/2024,24:00 AM,0.7
10/18/2024,1:00 AM,0.7
10/18/2024,2:00 AM,1.2
10/18/2024,3:00 AM,2.2
10/18/2024,4:00 AM,2.6
10/18/2024,5:00 AM,2.5
10/18/2024,6:00 AM,2.1
10/18/2024,7:00 AM,1.8
10/18/2024,8:00 AM,1.9
10/18/2024,9:00 AM,1.9
10/18/2024,10:00 AM,
10/18/2024,11:00 AM,
10/18/2024,12:00 PM,
10/18/2024,1:00 PM,
10/18/2024,2:00 PM,
10/18/2024,3:00 PM,
10/18/2024,4:00 PM,0.3
10/18/2024,5:00 PM,0.6
10/18/2024,6:00 PM,0.8
10/18/2024,7:00 PM,1.0
10/18/2024,8:00 PM,1.0
10/18/2024,9:00 PM,1.1
10/18/2024,10:00 PM,1.3
10/18/2024,11:00 PM,1.4
10/18/2024,24:00 AM,1.5
10/19/2024,1:00 AM,1.4
10/19/2024,2:00 AM,1.4
10/19/2024,3:00 AM,1.3
10/19/2024,4:00 AM,1.5
10/19/2024,5:00 AM,1.5
10/19/2024,6:00 AM,1.5
10/19/2024,7:00 AM,6.6
10/19/2024,8:00 AM,9.3
10/19/2024,9:00 AM,11.4
10/19/2024,10:00 AM,11.8
10/19/2024,11:00 AM,12.2
10/19/2024,12:00 PM,11.9
10/19/2024,1:00 PM,7.3
10/19/2024,2:00 PM,5.1
10/19/2024,3:00 PM,14.8
10/19/2024,4:00 PM,9.1
10/19/2024,5:00 PM,10.4
10/19/2024,6:00 PM,9.0
10/19/2024,7:00 PM,7.7
10/19/2024,8:00 PM,4.8
10/19/2024,9:00 PM,4.5
10/19/2024,10:00 PM,4.4
10/19/2024,11:00 PM,5.1
10/19/2024,24:00 AM,5.5
10/20/2024,1:00 AM,7.6
10/20/2024,2:00 AM,8.3
10/20/2024,3:00 AM,10.3
10/20/2024,4:00 AM,10.0
10/20/2024,5:00 AM,8.6
10/20/2024,6:00 AM,8.9
10/20/2024,7:00 AM,8.9
10/20/2024,8:00 AM,8.5
10/20/2024,9:00 AM,6.6
10/20/2024,10:00 AM,5.8
10/20/2024,11:00 AM,5.3
10/20/2024,12:00 PM,4.4
10/20/2024,1:00 PM,4.0
10/20/2024,2:00 PM,2.6
10/20/2024,3:00 PM,2.6
10/20/2024,4:00 PM,4.0
10/20/2024,5:00 PM,4.0
10/20/2024,6:00 PM,3.0
10/20/2024,7:00 PM,1.4
10/20/2024,8:00 PM,0.5
10/20/2024,9:00 PM,0.4
10/20/2024,10:00 PM,0.2
10/20/2024,11:00 PM,0.2
10/20/2024,24:00 AM,1.0
10/21/2024,1:00 AM,0.7
10/21/2024,2:00 AM,0.2
10/21/2024,3:00 AM,0.1
10/21/2024,4:00 AM,0.2
10/21/2024,5:00 AM,0.1
10/21/2024,6:00 AM,0.2
10/21/2024,7:00 AM,0.3
10/21/2024,8:00 AM,0.3
10/21/2024,9:00 AM,1.4
10/21/2024,10:00 AM,2.9
10/21/2024,11:00 AM,2.3
10/21/2024,12:00 PM,1.7
10/21/2024,1:00 PM,0.5
10/21/2024,2:00 PM,0.2
10/21/2024,3:00 PM,0.1
10/21/2024,4:00 PM,0.1
10/21/2024,5:00 PM,0.1
10/21/2024,6:00 PM,0.2
10/21/2024,7:00 PM,0.7
10/21/2024,8:00 PM,0.8
10/21/2024,9:00 PM,0.9
10/21/2024,10:00 PM,1.1
10/21/2024,11:00 PM,1.1
10/21/2024,24:00 AM,1.6
10/22/2024,1:00 AM,1.8
10/22/2024,2:00 AM,1.1
10/22/2024,3:00 AM,0.7
10/22/2024,4:00 AM,0.7
10/22/2024,5:00 AM,0.2
10/22/2024,6:00 AM,0.2
10/22/2024,7:00 AM,0.1
10/22/2024,8:00 AM,0.2
10/22/2024,9:00 AM,0.2
10/22/2024,10:00 AM,0.2
10/22/2024,11:00 AM,0.4
10/22/2024,12:00 PM,0.8
10/22/2024,1:00 PM,1.0
10/22/2024,2:00 PM,1.2
10/22/2024,3:00 PM,1.6
10/22/2024,4:00 PM,1.7
10/22/2024,5:00 PM,1.5
10/22/2024,6:00 PM,1.8
10/22/2024,7:00 PM,2.0
10/22/2024,8:00 PM,2.4
10/22/2024,9:00 PM,1.5
10/22/2024,10:00 PM,1.5
10/22/2024,11:00 PM,2.4
10/22/2024,24:00 AM,2.6
10/23/2024,1:00 AM,2.3
10/23/2024,2:00 AM,2.1
10/23/2024,3:00 AM,2.5
10/23/2024,4:00 AM,2.6
10/23/2024,5:00 AM,2.4
10/23/2024,6:00 AM,1.4
10/23/2024,7:00 AM,1.3
10/23/2024,8:00 AM,1.4
10/23/2024,9:00 AM,1.7
10/23/2024,10:00 AM,1.7
10/23/2024,11:00 AM,1.9
10/23/2024,12:00 PM,2.0
10/23/2024,1:00 PM,2.0
10/23/2024,2:00 PM,2.2
10/23/2024,3:00 PM,1.8
10/23/2024,4:00 PM,1.8
10/23/2024,5:00 PM,1.5
10/23/2024,6:00 PM,2.5
10/23/2024,7:00 PM,4.3
10/23/2024,8:00 PM,3.9
10/23/2024,9:00 PM,2.3
10/23/2024,10:00 PM,1.3
10/23/2024,11:00 PM,1.0
10/23/2024,24:00 AM,0.9
10/24/2024,1:00 AM,0.4
10/24/2024,2:00 AM,0.2
10/24/2024,3:00 AM,0.1
10/24/2024,4:00 AM,0.0
10/24/2024,5:00 AM,0.0
10/24/2024,6:00 AM,0.2
10/24/2024,7:00 AM,0.0
10/24/2024,8:00 AM,0.3
10/24/2024,9:00 AM,0.2
10/24/2024,10:00 AM,0.1
10/24/2024,11:00 AM,0.8
10/24/2024,12:00 PM,1.1
10/24/2024,1:00 PM,0.6
10/24/2024,2:00 PM,0.0
10/24/2024,3:00 PM,0.0
10/24/2024,4:00 PM,0.6
10/24/2024,5:00 PM,0.8
10/24/2024,6:00 PM,0.1
10/24/2024,7:00 PM,0.2
10/24/2024,8:00 PM,0.4
10/24/2024,9:00 PM,0.6
10/24/2024,10:00 PM,0.8
10/24/2024,11:00 PM,0.6
10/24/2024,24:00 AM,0.6
10/25/2024,1:00 AM,0.8
10/25/2024,2:00 AM,1.1
10/25/2024,3:00 AM,1.5
10/25/2024,4:00 AM,3.2
10/25/2024,5:00 AM,3.3
10/25/2024,6:00 AM,3.1
10/25/2024,7:00 AM,2.7
10/25/2024,8:00 AM,2.5
10/25/2024,9:00 AM,1.9
10/25/2024,10:00 AM,1.8
10/25/2024,11:00 AM,1.6
10/25/2024,12:00 PM,1.1
10/25/2024,1:00 PM,0.6
10/25/2024,2:00 PM,0.3
10/25/2024,3:00 PM,0.2
10/25/2024,4:00 PM,0.6
10/25/2024,5:00 PM,1.3
10/25/2024,6:00 PM,1.0
10/25/2024,7:00 PM,1.3
10/25/2024,8:00 PM,2.6
10/25/2024,9:00 PM,4.0
10/25/2024,10:00 PM,5.5
10/25/2024,11:00 PM,4.8
10/25/2024,24:00 AM,3.9
10/26/2024,1:00 AM,2.7
10/26/2024,2:00 AM,2.6
10/26/2024,3:00 AM,3.0
10/26/2024,4:00 AM,5.6
10/26/2024,5:00 AM,5.3
10/26/2024,6:00 AM,3.2
10/26/2024,7:00 AM,3.5
10/26/2024,8:00 AM,6.9
10/26/2024,9:00 AM,6.5
10/26/2024,10:00 AM,10.6
10/26/2024,11:00 AM,7.9
10/26/2024,12:00 PM,6.0
10/26/2024,1:00 PM,6.0
10/26/2024,2:00 PM,6.2
10/26/2024,3:00 PM,5.6
10/26/2024,4:00 PM,5.3
10/26/2024,5:00 PM,3.0
10/26/2024,6:00 PM,1.7
10/26/2024,7:00 PM,1.5
10/26/2024,8:00 PM,1.6
10/26/2024,9:00 PM,1.7
10/26/2024,10:00 PM,1.7
10/26/2024,11:00 PM,1.8
10/26/2024,24:00 AM,2.2
10/27/2024,1:00 AM,2.4
10/27/2024,2:00 AM,2.5
10/27/2024,3:00 AM,3.9
10/27/2024,4:00 AM,4.3
10/27/2024,5:00 AM,3.7
10/27/2024,6:00 AM,3.0
10/27/2024,7:00 AM,3.3
10/27/2024,8:00 AM,3.3
10/27/2024,9:00 AM,4.4
10/27/2024,10:00 AM,6.2
10/27/2024,11:00 AM,8.1
10/27/2024,12:00 PM,10.0
10/27/2024,1:00 PM,8.6
10/27/2024,2:00 PM,6.8
10/27/2024,3:00 PM,7.3
10/27/2024,4:00 PM,4.8
10/27/2024,5:00 PM,4.6
10/27/2024,6:00 PM,6.0
10/27/2024,7:00 PM,6.2
10/27/2024,8:00 PM,6.0
10/27/2024,9:00 PM,6.3
10/27/2024,10:00 PM,9.4
10/27/2024,11:00 PM,4.8
10/27/2024,24:00 AM,3.8
10/28/2024,1:00 AM,4.8
10/28/2024,2:00 AM,5.9
10/28/2024,3:00 AM,7.7
10/28/2024,4:00 AM,6.6
10/28/2024,5:00 AM,5.9
10/28/2024,6:00 AM,3.5
10/28/2024,7:00 AM,3.3
10/28/2024,8:00 AM,3.5
10/28/2024,9:00 AM,5.3
10/28/2024,10:00 AM,
10/28/2024,11:00 AM,
10/28/2024,12:00 PM,
10/28/2024,1:00 PM,6.7
10/28/2024,2:00 PM,5.1
10/28/2024,3:00 PM,4.1
10/28/2024,4:00 PM,3.1
10/28/2024,5:00 PM,3.4
10/28/2024,6:00 PM,3.7
10/28/2024,7:00 PM,3.7
10/28/2024,8:00 PM,4.1
10/28/2024,9:00 PM,4.3
10/28/2024,10:00 PM,3.9
10/28/2024,11:00 PM,3.9
10/28/2024,24:00 AM,4.5
10/29/2024,1:00 AM,4.3
10/29/2024,2:00 AM,4.7
10/29/2024,3:00 AM,4.8
10/29/2024,4:00 AM,4.6
10/29/2024,5:00 AM,4.6
10/29/2024,6:00 AM,4.6
10/29/2024,7:00 AM,3.8
10/29/2024,8:00 AM,3.5
10/29/2024,9:00 AM,3.2
10/29/2024,10:00 AM,3.6
10/29/2024,11:00 AM,3.6
10/29/2024,12:00 PM,3.9
10/29/2024,1:00 PM,4.6
10/29/2024,2:00 PM,5.2
10/29/2024,3:00 PM,4.3
10/29/2024,4:00 PM,4.3
10/29/2024,5:00 PM,2.7
10/29/2024,6:00 PM,1.2
10/29/2024,7:00 PM,1.0
10/29/2024,8:00 PM,1.0
10/29/2024,9:00 PM,1.0
10/29/2024,10:00 PM,1.3
10/29/2024,11:00 PM,1.6
10/29/2024,24:00 AM,1.9
10/30/2024,1:00 AM,3.0
10/30/2024,2:00 AM,3.2
10/30/2024,3:00 AM,2.4
10/30/2024,4:00 AM,2.2
10/30/2024,5:00 AM,2.3
10/30/2024,6:00 AM,2.9
10/30/2024,7:00 AM,5.3
10/30/2024,8:00 AM,6.2
10/30/2024,9:00 AM,4.5
10/30/2024,10:00 AM,4.9
10/30/2024,11:00 AM,6.5
10/30/2024,12:00 PM,10.4
10/30/2024,1:00 PM,12.0
10/30/2024,2:00 PM,11.7
10/30/2024,3:00 PM,10.4
10/30/2024,4:00 PM,10.1
10/30/2024,5:00 PM,10.3
10/30/2024,6:00 PM,7.7
10/30/2024,7:00 PM,5.9
10/30/2024,8:00 PM,5.9
10/30/2024,9:00 PM,5.8
10/30/2024,10:00 PM,5.3
10/30/2024,11:00 PM,4.3
10/30/2024,24:00 AM,3.9
10/31/2024,1:00 AM,5.1
10/31/2024,2:00 AM,5.7
10/31/2024,3:00 AM,5.9
10/31/2024,4:00 AM,5.6
10/31/2024,5:00 AM,5.1
10/31/2024,6:00 AM,5.0
10/31/2024,7:00 AM,4.5
10/31/2024,8:00 AM,3.4
10/31/2024,9:00 AM,3.9
10/31/2024,10:00 AM,4.6
10/31/2024,11:00 AM,5.2
10/31/2024,12:00 PM,6.7
10/31/2024,1:00 PM,9.1
10/31/2024,2:00 PM,8.2
10/31/2024,3:00 PM,7.4
10/31/2024,4:00 PM,7.4
10/31/2024,5:00 PM,8.0
10/31/2024,6:00 PM,9.8
10/31/2024,7:00 PM,7.6
10/31/2024,8:00 PM,8.3
10/31/2024,9:00 PM,8.8
10/31/2024,10:00 PM,8.9
10/31/2024,11:00 PM,9.8
10/31/2024,24:00 AM,9.2
11/1/2024,1:00 AM,7.5
11/1/2024,2:00 AM,10.3
11/1/2024,3:00 AM,13.4
11/1/2024,4:00 AM,13.8
11/1/2024,5:00 AM,12.4
11/1/2024,6:00 AM,10.8
11/1/2024,7:00 AM,13.3
11/1/2024,8:00 AM,19.0
11/1/2024,9:00 AM,17.2
11/1/2024,10:00 AM,14.5
11/1/2024,11:00 AM,12.7
11/1/2024,12:00 PM,11.3
11/1/2024,1:00 PM,4.2
11/1/2024,2:00 PM,2.9
11/1/2024,3:00 PM,2.6
11/1/2024,4:00 PM,3.0
11/1/2024,5:00 PM,2.7
11/1/2024,6:00 PM,3.3
11/1/2024,7:00 PM,3.8
11/1/2024,8:00 PM,3.7
11/1/2024,9:00 PM,2.7
11/1/2024,10:00 PM,2.3
11/1/2024,11:00 PM,2.3
11/1/2024,24:00 AM,2.0
11/2/2024,1:00 AM,2.2
11/2/2024,2:00 AM,1.9
11/2/2024,3:00 AM,2.1
11/2/2024,4:00 AM,2.4
11/2/2024,5:00 AM,2.7
11/2/2024,6:00 AM,5.6
11/2/2024,7:00 AM,3.4
11/2/2024,8:00 AM,4.7
11/2/2024,9:00 AM,4.0
11/2/2024,10:00 AM,3.5
11/2/2024,11:00 AM,4.0
11/2/2024,12:00 PM,5.0
11/2/2024,1:00 PM,4.4
11/2/2024,2:00 PM,3.2
11/2/2024,3:00 PM,3.1
11/2/2024,4:00 PM,3.6
11/2/2024,5:00 PM,4.0
11/2/2024,6:00 PM,4.1
11/2/2024,7:00 PM,4.1
11/2/2024,8:00 PM,4.7
11/2/2024,9:00 PM,4.7
11/2/2024,10:00 PM,4.3
11/2/2024,11:00 PM,4.0
11/2/2024,24:00 AM,4.0
11/3/2024,1:00 AM,4.0
11/3/2024,2:00 AM,4.0
11/3/2024,3:00 AM,4.3
11/3/2024,4:00 AM,5.9
11/3/2024,5:00 AM,4.8
11/3/2024,6:00 AM,4.1
11/3/2024,7:00 AM,6.2
11/3/2024,8:00 AM,5.6
11/3/2024,9:00 AM,5.3
11/3/2024,10:00 AM,4.0
11/3/2024,11:00 AM,4.3
11/3/2024,12:00 PM,3.7
11/3/2024,1:00 PM,3.4
11/3/2024,2:00 PM,2.4
11/3/2024,3:00 PM,0.8
11/3/2024,4:00 PM,0.9
11/3/2024,5:00 PM,0.5
11/3/2024,6:00 PM,0.5
11/3/2024,7:00 PM,0.4
11/3/2024,8:00 PM,0.4
11/3/2024,9:00 PM,0.6
11/3/2024,10:00 PM,0.6
11/3/2024,11:00 PM,0.6
11/3/2024,24:00 AM,0.6
11/4/2024,1:00 AM,0.7
11/4/2024,2:00 AM,0.7
11/4/2024,3:00 AM,0.8
11/4/2024,4:00 AM,0.8
11/4/2024,5:00 AM,0.8
11/4/2024,6:00 AM,0.8
11/4/2024,7:00 AM,0.8
11/4/2024,8:00 AM,0.8
11/4/2024,9:00 AM,1.0
11/4/2024,10:00 AM,0.9
11/4/2024,11:00 AM,1.0
11/4/2024,12:00 PM,1.1
11/4/2024,1:00 PM,1.2
11/4/2024,2:00 PM,1.6
11/4/2024,3:00 PM,1.7
11/4/2024,4:00 PM,1.9
11/4/2024,5:00 PM,2.5
11/4/2024,6:00 PM,2.1
11/4/2024,7:00 PM,2.5
11/4/2024,8:00 PM,4.1
11/4/2024,9:00 PM,4.3
11/4/2024,10:00 PM,3.2
11/4/2024,11:00 PM,2.6
11/4/2024,24:00 AM,1.3
11/5/2024,1:00 AM,0.7
11/5/2024,2:00 AM,0.9
11/5/2024,3:00 AM,0.9
11/5/2024,4:00 AM,0.8
11/5/2024,5:00 AM,0.7
11/5/2024,6:00 AM,0.7
11/5/2024,7:00 AM,0.6
11/5/2024,8:00 AM,0.5
11/5/2024,9:00 AM,0.8
11/5/2024,10:00 AM,1.3
11/5/2024,11:00 AM,1.1
11/5/2024,12:00 PM,1.4
11/5/2024,1:00 PM,0.9
11/5/2024,2:00 PM,0.6
11/5/2024,3:00 PM,0.5
11/5/2024,4:00 PM,0.7
11/5/2024,5:00 PM,0.9
11/5/2024,6:00 PM,0.8
11/5/2024,7:00 PM,2.4
11/5/2024,8:00 PM,4.8
11/5/2024,9:00 PM,4.3
11/5/2024,10:00 PM,7.2
11/5/2024,11:00 PM,4.7
11/5/2024,24:00 AM,1.7
11/6/2024,1:00 AM,1.8
11/6/2024,2:00 AM,1.4
11/6/2024,3:00 AM,1.0
11/6/2024,4:00 AM,0.9
11/6/2024,5:00 AM,0.9
11/6/2024,6:00 AM,1.1
11/6/2024,7:00 AM,1.2
11/6/2024,8:00 AM,1.2
11/6/2024,9:00 AM,1.1
11/6/2024,10:00 AM,1.3
11/6/2024,11:00 AM,1.4
11/6/2024,12:00 PM,2.2
11/6/2024,1:00 PM,2.5
11/6/2024,2:00 PM,2.1
11/6/2024,3:00 PM,1.5
11/6/2024,4:00 PM,1.8
11/6/2024,5:00 PM,1.9
11/6/2024,6:00 PM,1.8
11/6/2024,7:00 PM,1.9
11/6/2024,8:00 PM,2.7
11/6/2024,9:00 PM,2.7
11/6/2024,10:00 PM,3.0
11/6/2024,11:00 PM,3.3
11/6/2024,24:00 AM,2.9
11/7/2024,1:00 AM,2.2
11/7/2024,2:00 AM,1.9
11/7/2024,3:00 AM,2.4
11/7/2024,4:00 AM,3.8
11/7/2024,5:00 AM,3.6
11/7/2024,6:00 AM,2.8
11/7/2024,7:00 AM,2.3
11/7/2024,8:00 AM,2.3
11/7/2024,9:00 AM,4.8
11/7/2024,10:00 AM,5.5
11/7/2024,11:00 AM,4.4
11/7/2024,12:00 PM,4.2
11/7/2024,1:00 PM,3.4
11/7/2024,2:00 PM,2.8
11/7/2024,3:00 PM,3.1
11/7/2024,4:00 PM,3.3
11/7/2024,5:00 PM,3.2
11/7/2024,6:00 PM,2.7
11/7/2024,7:00 PM,2.4
11/7/2024,8:00 PM,3.0
11/7/2024,9:00 PM,3.4
11/7/2024,10:00 PM,4.0
11/7/2024,11:00 PM,4.5
11/7/2024,24:00 AM,4.5
11/8/2024,1:00 AM,3.0
11/8/2024,2:00 AM,2.0
11/8/2024,3:00 AM,2.2
11/8/2024,4:00 AM,2.2
11/8/2024,5:00 AM,2.3
11/8/2024,6:00 AM,3.0
11/8/2024,7:00 AM,3.3
11/8/2024,8:00 AM,3.0
11/8/2024,9:00 AM,2.7
11/8/2024,10:00 AM,3.3
11/8/2024,11:00 AM,3.8
11/8/2024,12:00 PM,3.6
11/8/2024,1:00 PM,3.6
11/8/2024,2:00 PM,3.4
11/8/2024,3:00 PM,3.2
11/8/2024,4:00 PM,2.5
11/8/2024,5:00 PM,2.7
11/8/2024,6:00 PM,2.8
11/8/2024,7:00 PM,2.3
11/8/2024,8:00 PM,1.9
11/8/2024,9:00 PM,1.0
11/8/2024,10:00 PM,1.6
11/8/2024,11:00 PM,1.1
11/8/2024,24:00 AM,0.9
11/9/2024,1:00 AM,0.8
11/9/2024,2:00 AM,0.6
11/9/2024,3:00 AM,0.6
11/9/2024,4:00 AM,0.9
11/9/2024,5:00 AM,1.0
11/9/2024,6:00 AM,1.1
11/9/2024,7:00 AM,1.1
11/9/2024,8:00 AM,1.1
11/9/2024,9:00 AM,1.2
11/9/2024,10:00 AM,1.5
11/9/2024,11:00 AM,1.6
11/9/2024,12:00 PM,1.7
11/9/2024,1:00 PM,1.6
11/9/2024,2:00 PM,1.2
11/9/2024,3:00 PM,1.4
11/9/2024,4:00 PM,1.1
11/9/2024,5:00 PM,1.1
11/9/2024,6:00 PM,0.6
11/9/2024,7:00 PM,0.9
11/9/2024,8:00 PM,0.8
11/9/2024,9:00 PM,1.0
11/9/2024,10:00 PM,1.4
11/9/2024,11:00 PM,1.7
11/9/2024,24:00 AM,2.1
11/10/2024,1:00 AM,2.1
11/10/2024,2:00 AM,2.6
11/10/2024,3:00 AM,2.0
11/10/2024,4:00 AM,2.1
11/10/2024,5:00 AM,1.9
11/10/2024,6:00 AM,2.2
11/10/2024,7:00 AM,2.3
11/10/2024,8:00 AM,2.3
11/10/2024,9:00 AM,2.4
11/10/2024,10:00 AM,2.5
11/10/2024,11:00 AM,2.4
11/10/2024,12:00 PM,2.4
11/10/2024,1:00 PM,2.4
11/10/2024,2:00 PM,2.4
11/10/2024,3:00 PM,2.6
11/10/2024,4:00 PM,2.1
11/10/2024,5:00 PM,1.9
11/10/2024,6:00 PM,1.8
11/10/2024,7:00 PM,2.7
11/10/2024,8:00 PM,3.3
11/10/2024,9:00 PM,3.2
11/10/2024,10:00 PM,3.2
11/10/2024,11:00 PM,3.1
11/10/2024,24:00 AM,3.6
11/11/2024,1:00 AM,4.8
11/11/2024,2:00 AM,6.5
11/11/2024,3:00 AM,7.3
11/11/2024,4:00 AM,7.9
11/11/2024,5:00 AM,7.5
11/11/2024,6:00 AM,7.7
11/11/2024,7:00 AM,7.0
11/11/2024,8:00 AM,6.4
11/11/2024,9:00 AM,5.7
11/11/2024,10:00 AM,6.1
11/11/2024,11:00 AM,6.2
11/11/2024,12:00 PM,6.7
11/11/2024,1:00 PM,6.9
11/11/2024,2:00 PM,7.1
11/11/2024,3:00 PM,7.4
11/11/2024,4:00 PM,4.4
11/11/2024,5:00 PM,3.8
11/11/2024,6:00 PM,4.1
11/11/2024,7:00 PM,6.7
11/11/2024,8:00 PM,5.7
11/11/2024,9:00 PM,4.8
11/11/2024,10:00 PM,4.1
11/11/2024,11:00 PM,4.4
11/11/2024,24:00 AM,4.0
11/12/2024,1:00 AM,4.1
11/12/2024,2:00 AM,5.2
11/12/2024,3:00 AM,5.1
11/12/2024,4:00 AM,4.8
11/12/2024,5:00 AM,4.0
11/12/2024,6:00 AM,3.4
11/12/2024,7:00 AM,3.2
11/12/2024,8:00 AM,3.2
11/12/2024,9:00 AM,2.4
11/12/2024,10:00 AM,2.6
11/12/2024,11:00 AM,2.9
11/12/2024,12:00 PM,2.5
11/12/2024,1:00 PM,1.9
11/12/2024,2:00 PM,2.2
11/12/2024,3:00 PM,2.3
11/12/2024,4:00 PM,3.7
11/12/2024,5:00 PM,4.1
11/12/2024,6:00 PM,4.1
11/12/2024,7:00 PM,4.4
11/12/2024,8:00 PM,4.7
11/12/2024,9:00 PM,8.5
11/12/2024,10:00 PM,7.9
11/12/2024,11:00 PM,5.3
11/12/2024,24:00 AM,4.3
11/13/2024,1:00 AM,6.7
11/13/2024,2:00 AM,11.2
11/13/2024,3:00 AM,9.1
11/13/2024,4:00 AM,6.3
11/13/2024,5:00 AM,7.6
11/13/2024,6:00 AM,8.9
11/13/2024,7:00 AM,9.1
11/13/2024,8:00 AM,7.0
11/13/2024,9:00 AM,6.2
11/13/2024,10:00 AM,3.7
11/13/2024,11:00 AM,2.3
11/13/2024,12:00 PM,1.4
11/13/2024,1:00 PM,1.3
11/13/2024,2:00 PM,1.1
11/13/2024,3:00 PM,1.5
11/13/2024,4:00 PM,1.4
11/13/2024,5:00 PM,1.6
11/13/2024,6:00 PM,1.9
11/13/2024,7:00 PM,1.6
11/13/2024,8:00 PM,1.3
11/13/2024,9:00 PM,1.4
11/13/2024,10:00 PM,1.5
11/13/2024,11:00 PM,1.7
11/13/2024,24:00 AM,1.0
11/14/2024,1:00 AM,1.1
11/14/2024,2:00 AM,1.5
11/14/2024,3:00 AM,1.4
11/14/2024,4:00 AM,1.5
11/14/2024,5:00 AM,1.5
11/14/2024,6:00 AM,1.2
11/14/2024,7:00 AM,1.0
11/14/2024,8:00 AM,0.6
11/14/2024,9:00 AM,0.5
11/14/2024,10:00 AM,0.7
11/14/2024,11:00 AM,1.0
11/14/2024,12:00 PM,1.2
11/14/2024,1:00 PM,1.3
11/14/2024,2:00 PM,1.4
11/14/2024,3:00 PM,1.4
11/14/2024,4:00 PM,2.2
11/14/2024,5:00 PM,4.0
11/14/2024,6:00 PM,3.9
11/14/2024,7:00 PM,5.8
11/14/2024,8:00 PM,8.6
11/14/2024,9:00 PM,9.5
11/14/2024,10:00 PM,8.8
11/14/2024,11:00 PM,7.1
11/14/2024,24:00 AM,5.9
11/15/2024,1:00 AM,5.2
11/15/2024,2:00 AM,5.1
11/15/2024,3:00 AM,10.8
11/15/2024,4:00 AM,5.0
11/15/2024,5:00 AM,5.0
11/15/2024,6:00 AM,5.9
11/15/2024,7:00 AM,3.6
11/15/2024,8:00 AM,2.7
11/15/2024,9:00 AM,3.4
11/15/2024,10:00 AM,4.9
11/15/2024,11:00 AM,5.2
11/15/2024,12:00 PM,5.4
11/15/2024,1:00 PM,5.3
11/15/2024,2:00 PM,5.9
11/15/2024,3:00 PM,5.5
11/15/2024,4:00 PM,5.4
11/15/2024,5:00 PM,6.3
11/15/2024,6:00 PM,5.7
11/15/2024,7:00 PM,5.1
11/15/2024,8:00 PM,3.5
11/15/2024,9:00 PM,2.6
11/15/2024,10:00 PM,3.0
11/15/2024,11:00 PM,3.5
11/15/2024,24:00 AM,3.6
11/16/2024,1:00 AM,1.6
11/16/2024,2:00 AM,0.7
11/16/2024,3:00 AM,0.5
11/16/2024,4:00 AM,0.5
11/16/2024,5:00 AM,0.6
11/16/2024,6:00 AM,0.6
11/16/2024,7:00 AM,0.6
11/16/2024,8:00 AM,0.5
11/16/2024,9:00 AM,0.5
11/16/2024,10:00 AM,0.6
11/16/2024,11:00 AM,0.5
11/16/2024,12:00 PM,0.3
11/16/2024,1:00 PM,0.4
11/16/2024,2:00 PM,0.4
11/16/2024,3:00 PM,0.5
11/16/2024,4:00 PM,0.4
11/16/2024,5:00 PM,0.4
11/16/2024,6:00 PM,0.5
11/16/2024,7:00 PM,0.4
11/16/2024,8:00 PM,0.6
11/16/2024,9:00 PM,0.5
11/16/2024,10:00 PM,0.6
11/16/2024,11:00 PM,0.6
11/16/2024,24:00 AM,0.6
11/17/2024,1:00 AM,0.6
11/17/2024,2:00 AM,0.6
11/17/2024,3:00 AM,0.7
11/17/2024,4:00 AM,0.7
11/17/2024,5:00 AM,0.9
11/17/2024,6:00 AM,0.9
11/17/2024,7:00 AM,0.7
11/17/2024,8:00 AM,0.7
11/17/2024,9:00 AM,0.6
11/17/2024,10:00 AM,0.6
11/17/2024,11:00 AM,0.9
11/17/2024,12:00 PM,0.7
11/17/2024,1:00 PM,0.5
11/17/2024,2:00 PM,0.7
11/17/2024,3:00 PM,1.3
11/17/2024,4:00 PM,2.1
11/17/2024,5:00 PM,2.6
11/17/2024,6:00 PM,3.1
11/17/2024,7:00 PM,1.4
11/17/2024,8:00 PM,0.4
11/17/2024,9:00 PM,0.1
11/17/2024,10:00 PM,0.1
11/17/2024,11:00 PM,0.1
11/17/2024,24:00 AM,0.2
11/18/2024,1:00 AM,0.2
11/18/2024,2:00 AM,0.2
11/18/2024,3:00 AM,0.2
11/18/2024,4:00 AM,0.1
11/18/2024,5:00 AM,0.1
11/18/2024,6:00 AM,0.1
11/18/2024,7:00 AM,0.1
11/18/2024,8:00 AM,0.1
11/18/2024,9:00 AM,0.0
11/18/2024,10:00 AM,0.0
11/18/2024,11:00 AM,0.0
11/18/2024,12:00 PM,0.0
11/18/2024,1:00 PM,0.0
11/18/2024,2:00 PM,0.0
11/18/2024,3:00 PM,0.0
11/18/2024,4:00 PM,0.0
11/18/2024,5:00 PM,0.1
11/18/2024,6:00 PM,0.2
11/18/2024,7:00 PM,0.1
11/18/2024,8:00 PM,0.0
11/18/2024,9:00 PM,0.0
11/18/2024,10:00 PM,0.0
11/18/2024,11:00 PM,0.0
11/18/2024,24:00 AM,0.0
11/19/2024,1:00 AM,0.9
11/19/2024,2:00 AM,3.7
11/19/2024,3:00 AM,3.8
11/19/2024,4:00 AM,4.2
11/19/2024,5:00 AM,4.2
11/19/2024,6:00 AM,3.8
11/19/2024,7:00 AM,2.9
11/19/2024,8:00 AM,2.4
11/19/2024,9:00 AM,2.4
11/19/2024,10:00 AM,2.2
11/19/2024,11:00 AM,2.1
11/19/2024,12:00 PM,
11/19/2024,1:00 PM,
11/19/2024,2:00 PM,
11/19/2024,3:00 PM,
11/19/2024,4:00 PM,
11/19/2024,5:00 PM,
11/19/2024,6:00 PM,2.0
11/19/2024,7:00 PM,1.4
11/19/2024,8:00 PM,1.4
11/19/2024,9:00 PM,1.4
11/19/2024,10:00 PM,1.6
11/19/2024,11:00 PM,1.8
11/19/2024,24:00 AM,1.9
11/20/2024,1:00 AM,6.5
11/20/2024,2:00 AM,
11/20/2024,3:00 AM,
11/20/2024,4:00 AM,
11/20/2024,5:00 AM,
11/20/2024,6:00 AM,
11/20/2024,7:00 AM,
11/20/2024,8:00 AM,
11/20/2024,9:00 AM,
11/20/2024,10:00 AM,
11/20/2024,11:00 AM,
11/20/2024,12:00 PM,9.1
11/20/2024,1:00 PM,7.9
11/20/2024,2:00 PM,6.7
11/20/2024,3:00 PM,6.7
11/20/2024,4:00 PM,7.2
11/20/2024,5:00 PM,
11/20/2024,6:00 PM,
11/20/2024,7:00 PM,
11/20/2024,8:00 PM,10.5
11/20/2024,9:00 PM,9.0
11/20/2024,10:00 PM,8.1
11/20/2024,11:00 PM,7.3
11/20/2024,24:00 AM,6.2
11/21/2024,1:00 AM,4.8
11/21/2024,2:00 AM,4.1
11/21/2024,3:00 AM,3.8
11/21/2024,4:00 AM,4.0
11/21/2024,5:00 AM,3.8
11/21/2024,6:00 AM,3.8
11/21/2024,7:00 AM,3.6
11/21/2024,8:00 AM,3.3
11/21/2024,9:00 AM,4.1
11/21/2024,10:00 AM,5.7
11/21/2024,11:00 AM,5.3
11/21/2024,12:00 PM,
11/21/2024,1:00 PM,
11/21/2024,2:00 PM,6.9
11/21/2024,3:00 PM,6.0
11/21/2024,4:00 PM,4.5
11/21/2024,5:00 PM,3.3
11/21/2024,6:00 PM,3.4
11/21/2024,7:00 PM,3.0
11/21/2024,8:00 PM,2.2
11/21/2024,9:00 PM,1.9
11/21/2024,10:00 PM,1.7
11/21/2024,11:00 PM,1.9
11/21/2024,24:00 AM,1.8
11/22/2024,1:00 AM,1.7
11/22/2024,2:00 AM,1.5
11/22/2024,3:00 AM,1.1
11/22/2024,4:00 AM,1.8
11/22/2024,5:00 AM,1.9
11/22/2024,6:00 AM,2.2
11/22/2024,7:00 AM,2.4
11/22/2024,8:00 AM,2.1
11/22/2024,9:00 AM,1.9
11/22/2024,10:00 AM,2.4
11/22/2024,11:00 AM,2.3
11/22/2024,12:00 PM,1.2
11/22/2024,1:00 PM,1.3
11/22/2024,2:00 PM,1.4
11/22/2024,3:00 PM,3.1
11/22/2024,4:00 PM,3.3
11/22/2024,5:00 PM,3.0
11/22/2024,6:00 PM,3.0
11/22/2024,7:00 PM,3.2
11/22/2024,8:00 PM,2.7
11/22/2024,9:00 PM,0.4
11/22/2024,10:00 PM,0.5
11/22/2024,11:00 PM,0.7
11/22/2024,24:00 AM,1.4
11/23/2024,1:00 AM,2.3
11/23/2024,2:00 AM,2.5
11/23/2024,3:00 AM,4.2
11/23/2024,4:00 AM,4.4
11/23/2024,5:00 AM,4.8
11/23/2024,6:00 AM,6.0
11/23/2024,7:00 AM,7.2
11/23/2024,8:00 AM,8.4
11/23/2024,9:00 AM,6.3
11/23/2024,10:00 AM,3.3
11/23/2024,11:00 AM,3.4
11/23/2024,12:00 PM,3.5
11/23/2024,1:00 PM,3.6
11/23/2024,2:00 PM,3.3
11/23/2024,3:00 PM,3.3
11/23/2024,4:00 PM,4.3
11/23/2024,5:00 PM,4.4
11/23/2024,6:00 PM,4.7
11/23/2024,7:00 PM,5.1
11/23/2024,8:00 PM,5.0
11/23/2024,9:00 PM,5.3
11/23/2024,10:00 PM,5.1
11/23/2024,11:00 PM,5.2
11/23/2024,24:00 AM,4.9
11/24/2024,1:00 AM,5.4
11/24/2024,2:00 AM,5.4
11/24/2024,3:00 AM,5.3
11/24/2024,4:00 AM,3.4
11/24/2024,5:00 AM,2.9
11/24/2024,6:00 AM,2.5
11/24/2024,7:00 AM,2.0
11/24/2024,8:00 AM,1.3
11/24/2024,9:00 AM,0.6
11/24/2024,10:00 AM,0.2
11/24/2024,11:00 AM,0.6
11/24/2024,12:00 PM,1.0
11/24/2024,1:00 PM,1.8
11/24/2024,2:00 PM,3.6
11/24/2024,3:00 PM,5.6
11/24/2024,4:00 PM,
11/24/2024,5:00 PM,
11/24/2024,6:00 PM,
11/24/2024,7:00 PM,
11/24/2024,8:00 PM,
11/24/2024,9:00 PM,
11/24/2024,10:00 PM,
11/24/2024,11:00 PM,
11/24/2024,24:00 AM,
11/25/2024,1:00 AM,5.3
11/25/2024,2:00 AM,3.6
11/25/2024,3:00 AM,3.1
11/25/2024,4:00 AM,2.7
11/25/2024,5:00 AM,2.7
11/25/2024,6:00 AM,2.7
11/25/2024,7:00 AM,2.3
11/25/2024,8:00 AM,1.6
11/25/2024,9:00 AM,1.3
11/25/2024,10:00 AM,1.7
11/25/2024,11:00 AM,1.5
11/25/2024,12:00 PM,1.8
11/25/2024,1:00 PM,2.1
11/25/2024,2:00 PM,2.7
11/25/2024,3:00 PM,4.4
11/25/2024,4:00 PM,6.8
11/25/2024,5:00 PM,8.2
11/25/2024,6:00 PM,9.1
11/25/2024,7:00 PM,9.6
11/25/2024,8:00 PM,9.6
11/25/2024,9:00 PM,9.1
11/25/2024,10:00 PM,9.0
11/25/2024,11:00 PM,9.1
11/25/2024,24:00 AM,9.0
11/26/2024,1:00 AM,8.7
11/26/2024,2:00 AM,9.3
11/26/2024,3:00 AM,7.5
11/26/2024,4:00 AM,5.2
11/26/2024,5:00 AM,4.2
11/26/2024,6:00 AM,4.2
11/26/2024,7:00 AM,6.2
11/26/2024,8:00 AM,5.2
11/26/2024,9:00 AM,5.0
11/26/2024,10:00 AM,3.8
11/26/2024,11:00 AM,2.9
11/26/2024,12:00 PM,2.5
11/26/2024,1:00 PM,4.6
11/26/2024,2:00 PM,3.5
11/26/2024,3:00 PM,3.0
11/26/2024,4:00 PM,3.1
11/26/2024,5:00 PM,3.2
11/26/2024,6:00 PM,4.7
11/26/2024,7:00 PM,5.5
11/26/2024,8:00 PM,4.4
11/26/2024,9:00 PM,3.7
11/26/2024,10:00 PM,4.6
11/26/2024,11:00 PM,4.2
11/26/2024,24:00 AM,3.8
11/27/2024,1:00 AM,3.2
11/27/2024,2:00 AM,3.0
11/27/2024,3:00 AM,1.8
11/27/2024,4:00 AM,0.4
11/27/2024,5:00 AM,2.1
11/27/2024,6:00 AM,2.9
11/27/2024,7:00 AM,3.2
11/27/2024,8:00 AM,2.3
11/27/2024,9:00 AM,0.8
11/27/2024,10:00 AM,0.7
11/27/2024,11:00 AM,0.7
11/27/2024,12:00 PM,0.6
11/27/2024,1:00 PM,0.9
11/27/2024,2:00 PM,1.9
11/27/2024,3:00 PM,2.8
11/27/2024,4:00 PM,2.6
11/27/2024,5:00 PM,2.3
11/27/2024,6:00 PM,1.4
11/27/2024,7:00 PM,0.8
11/27/2024,8:00 PM,0.4
11/27/2024,9:00 PM,0.0
11/27/2024,10:00 PM,0.0
11/27/2024,11:00 PM,0.0
11/27/2024,24:00 AM,0.0
11/28/2024,1:00 AM,0.0
11/28/2024,2:00 AM,0.0
11/28/2024,3:00 AM,3.7
11/28/2024,4:00 AM,5.6
11/28/2024,5:00 AM,5.4
11/28/2024,6:00 AM,6.1
11/28/2024,7:00 AM,6.7
11/28/2024,8:00 AM,6.0
11/28/2024,9:00 AM,4.9
11/28/2024,10:00 AM,4.3
11/28/2024,11:00 AM,5.2
11/28/2024,12:00 PM,7.2
11/28/2024,1:00 PM,7.9
11/28/2024,2:00 PM,8.3
11/28/2024,3:00 PM,6.6
11/28/2024,4:00 PM,5.8
11/28/2024,5:00 PM,4.9
11/28/2024,6:00 PM,4.3
11/28/2024,7:00 PM,4.8
11/28/2024,8:00 PM,5.0
11/28/2024,9:00 PM,6.8
11/28/2024,10:00 PM,6.7
11/28/2024,11:00 PM,4.7
11/28/2024,24:00 AM,4.5
11/29/2024,1:00 AM,5.8
11/29/2024,2:00 AM,8.3
11/29/2024,3:00 AM,17.2
11/29/2024,4:00 AM,19.8
11/29/2024,5:00 AM,15.3
11/29/2024,6:00 AM,12.2
11/29/2024,7:00 AM,7.5
11/29/2024,8:00 AM,4.4
11/29/2024,9:00 AM,2.9
11/29/2024,10:00 AM,1.7
11/29/2024,11:00 AM,1.1
11/29/2024,12:00 PM,0.9
11/29/2024,1:00 PM,1.6
11/29/2024,2:00 PM,3.5
11/29/2024,3:00 PM,7.1
11/29/2024,4:00 PM,6.0
11/29/2024,5:00 PM,6.6
11/29/2024,6:00 PM,6.1
11/29/2024,7:00 PM,4.6
11/29/2024,8:00 PM,2.0
11/29/2024,9:00 PM,1.6
11/29/2024,10:00 PM,1.1
11/29/2024,11:00 PM,1.8
11/29/2024,24:00 AM,2.4
11/30/2024,1:00 AM,2.8
11/30/2024,2:00 AM,2.4
11/30/2024,3:00 AM,1.7
11/30/2024,4:00 AM,1.7
11/30/2024,5:00 AM,0.9
11/30/2024,6:00 AM,0.4
11/30/2024,7:00 AM,0.2
11/30/2024,8:00 AM,0.2
11/30/2024,9:00 AM,0.0
11/30/2024,10:00 AM,0.0
11/30/2024,11:00 AM,0.0
11/30/2024,12:00 PM,0.0
11/30/2024,1:00 PM,0.0
11/30/2024,2:00 PM,0.8
11/30/2024,3:00 PM,1.7
11/30/2024,4:00 PM,2.0
11/30/2024,5:00 PM,1.9
11/30/2024,6:00 PM,1.5
11/30/2024,7:00 PM,0.9
11/30/2024,8:00 PM,0.5
11/30/2024,9:00 PM,0.0
11/30/2024,10:00 PM,0.0
11/30/2024,11:00 PM,0.0
11/30/2024,24:00 AM,0.0
12/1/2024,1:00 AM,0.5
12/1/2024,2:00 AM,1.3
12/1/2024,3:00 AM,2.3
12/1/2024,4:00 AM,2.2
12/1/2024,5:00 AM,3.8
12/1/2024,6:00 AM,5.4
12/1/2024,7:00 AM,
12/1/2024,8:00 AM,
12/1/2024,9:00 AM,
12/1/2024,10:00 AM,
12/1/2024,11:00 AM,
12/1/2024,12:00 PM,
12/1/2024,1:00 PM,
12/1/2024,2:00 PM,
12/1/2024,3:00 PM,
12/1/2024,4:00 PM,
12/1/2024,5:00 PM,
12/1/2024,6:00 PM,
12/1/2024,7:00 PM,
12/1/2024,8:00 PM,
12/1/2024,9:00 PM,
12/1/2024,10:00 PM,
12/1/2024,11:00 PM,
12/1/2024,24:00 AM,
12/2/2024,1:00 AM,
12/2/2024,2:00 AM,
12/2/2024,3:00 AM,
12/2/2024,4:00 AM,
12/2/2024,5:00 AM,
12/2/2024,6:00 AM,
12/2/2024,7:00 AM,
12/2/2024,8:00 AM,
12/2/2024,9:00 AM,
12/2/2024,10:00 AM,
12/2/2024,11:00 AM,
12/2/2024,12:00 PM,
12/2/2024,1:00 PM,
12/2/2024,2:00 PM,
12/2/2024,3:00 PM,
12/2/2024,4:00 PM,
12/2/2024,5:00 PM,
12/2/2024,6:00 PM,
12/2/2024,7:00 PM,
12/2/2024,8:00 PM,
12/2/2024,9:00 PM,
12/2/2024,10:00 PM,
12/2/2024,11:00 PM,
12/2/2024,24:00 AM,
12/3/2024,1:00 AM,
12/3/2024,2:00 AM,
12/3/2024,3:00 AM,
12/3/2024,4:00 AM,
12/3/2024,5:00 AM,
12/3/2024,6:00 AM,
12/3/2024,7:00 AM,
12/3/2024,8:00 AM,
12/3/2024,9:00 AM,
12/3/2024,10:00 AM,
12/3/2024,11:00 AM,7.2
12/3/2024,12:00 PM,5.6
12/3/2024,1:00 PM,4.1
12/3/2024,2:00 PM,3.0
12/3/2024,3:00 PM,2.5
12/3/2024,4:00 PM,2.2
12/3/2024,5:00 PM,2.2
12/3/2024,6:00 PM,2.5
12/3/2024,7:00 PM,2.4
12/3/2024,8:00 PM,2.3
12/3/2024,9:00 PM,2.3
12/3/2024,10:00 PM,2.1
12/3/2024,11:00 PM,2.1
12/3/2024,24:00 AM,2.6
12/4/2024,1:00 AM,3.2
12/4/2024,2:00 AM,3.9
12/4/2024,3:00 AM,4.4
12/4/2024,4:00 AM,4.9
12/4/2024,5:00 AM,5.0
12/4/2024,6:00 AM,5.7
12/4/2024,7:00 AM,6.1
12/4/2024,8:00 AM,6.7
12/4/2024,9:00 AM,7.4
12/4/2024,10:00 AM,7.9
12/4/2024,11:00 AM,8.0
12/4/2024,12:00 PM,8.5
12/4/2024,1:00 PM,8.7
12/4/2024,2:00 PM,8.5
12/4/2024,3:00 PM,8.1
12/4/2024,4:00 PM,8.4
12/4/2024,5:00 PM,10.5
12/4/2024,6:00 PM,
12/4/2024,7:00 PM,
12/4/2024,8:00 PM,12.4
12/4/2024,9:00 PM,10.9
12/4/2024,10:00 PM,10.2
12/4/2024,11:00 PM,9.8
12/4/2024,24:00 AM,9.3
12/5/2024,1:00 AM,9.6
12/5/2024,2:00 AM,9.0
12/5/2024,3:00 AM,9.4
12/5/2024,4:00 AM,10.7
12/5/2024,5:00 AM,11.1
12/5/2024,6:00 AM,11.5
12/5/2024,7:00 AM,9.6
12/5/2024,8:00 AM,9.4
12/5/2024,9:00 AM,6.9
12/5/2024,10:00 AM,6.8
12/5/2024,11:00 AM,7.0
12/5/2024,12:00 PM,7.2
12/5/2024,1:00 PM,6.9
12/5/2024,2:00 PM,6.5
12/5/2024,3:00 PM,5.9
12/5/2024,4:00 PM,4.4
12/5/2024,5:00 PM,5.1
12/5/2024,6:00 PM,5.3
12/5/2024,7:00 PM,5.8
12/5/2024,8:00 PM,4.8
12/5/2024,9:00 PM,4.1
12/5/2024,10:00 PM,4.6
12/5/2024,11:00 PM,3.9
12/5/2024,24:00 AM,3.1
12/6/2024,1:00 AM,3.7
12/6/2024,2:00 AM,4.5
12/6/2024,3:00 AM,4.9
12/6/2024,4:00 AM,5.5
12/6/2024,5:00 AM,5.1
12/6/2024,6:00 AM,5.0
12/6/2024,7:00 AM,4.8
12/6/2024,8:00 AM,4.4
12/6/2024,9:00 AM,4.3
12/6/2024,10:00 AM,5.0
12/6/2024,11:00 AM,5.2
12/6/2024,12:00 PM,5.3
12/6/2024,1:00 PM,4.7
12/6/2024,2:00 PM,4.0
12/6/2024,3:00 PM,3.6
12/6/2024,4:00 PM,3.4
12/6/2024,5:00 PM,3.9
12/6/2024,6:00 PM,3.8
12/6/2024,7:00 PM,3.5
12/6/2024,8:00 PM,3.7
12/6/2024,9:00 PM,3.6
12/6/2024,10:00 PM,3.5
12/6/2024,11:00 PM,3.0
12/6/2024,24:00 AM,2.7
12/7/2024,1:00 AM,3.4
12/7/2024,2:00 AM,4.3
12/7/2024,3:00 AM,3.9
12/7/2024,4:00 AM,3.1
12/7/2024,5:00 AM,2.5
12/7/2024,6:00 AM,2.3
12/7/2024,7:00 AM,2.3
12/7/2024,8:00 AM,2.0
12/7/2024,9:00 AM,2.0
12/7/2024,10:00 AM,2.1
12/7/2024,11:00 AM,2.1
12/7/2024,12:00 PM,2.1
12/7/2024,1:00 PM,2.2
12/7/2024,2:00 PM,2.1
12/7/2024,3:00 PM,2.1
12/7/2024,4:00 PM,2.1
12/7/2024,5:00 PM,2.5
12/7/2024,6:00 PM,3.4
12/7/2024,7:00 PM,3.2
12/7/2024,8:00 PM,3.1
12/7/2024,9:00 PM,2.9
12/7/2024,10:00 PM,2.8
12/7/2024,11:00 PM,2.4
12/7/2024,24:00 AM,2.4
12/8/2024,1:00 AM,2.2
12/8/2024,2:00 AM,2.4
12/8/2024,3:00 AM,2.6
12/8/2024,4:00 AM,3.0
12/8/2024,5:00 AM,2.8
12/8/2024,6:00 AM,2.9
12/8/2024,7:00 AM,2.9
12/8/2024,8:00 AM,2.8
12/8/2024,9:00 AM,3.7
12/8/2024,10:00 AM,4.4
12/8/2024,11:00 AM,4.5
12/8/2024,12:00 PM,4.3
12/8/2024,1:00 PM,6.3
12/8/2024,2:00 PM,9.2
12/8/2024,3:00 PM,11.3
12/8/2024,4:00 PM,8.0
12/8/2024,5:00 PM,5.1
12/8/2024,6:00 PM,5.4
12/8/2024,7:00 PM,4.4
12/8/2024,8:00 PM,3.5
12/8/2024,9:00 PM,3.1
12/8/2024,10:00 PM,2.7
12/8/2024,11:00 PM,2.7
12/8/2024,24:00 AM,2.4
12/9/2024,1:00 AM,1.6
12/9/2024,2:00 AM,1.7
12/9/2024,3:00 AM,2.0
12/9/2024,4:00 AM,1.9
12/9/2024,5:00 AM,2.1
12/9/2024,6:00 AM,2.3
12/9/2024,7:00 AM,2.2
12/9/2024,8:00 AM,2.2
12/9/2024,9:00 AM,1.8
12/9/2024,10:00 AM,1.7
12/9/2024,11:00 AM,1.6
12/9/2024,12:00 PM,1.5
12/9/2024,1:00 PM,1.6
12/9/2024,2:00 PM,1.5
12/9/2024,3:00 PM,1.6
12/9/2024,4:00 PM,1.6
12/9/2024,5:00 PM,1.7
12/9/2024,6:00 PM,2.3
12/9/2024,7:00 PM,3.5
12/9/2024,8:00 PM,3.3
12/9/2024,9:00 PM,2.7
12/9/2024,10:00 PM,2.5
12/9/2024,11:00 PM,2.5
12/9/2024,24:00 AM,2.1
12/10/2024,1:00 AM,3.7
12/10/2024,2:00 AM,5.3
12/10/2024,3:00 AM,5.9
12/10/2024,4:00 AM,6.3
12/10/2024,5:00 AM,4.9
12/10/2024,6:00 AM,4.6
12/10/2024,7:00 AM,4.6
12/10/2024,8:00 AM,4.1
12/10/2024,9:00 AM,3.8
12/10/2024,10:00 AM,3.6
12/10/2024,11:00 AM,2.6
12/10/2024,12:00 PM,2.8
12/10/2024,1:00 PM,3.5
12/10/2024,2:00 PM,4.6
12/10/2024,3:00 PM,4.9
12/10/2024,4:00 PM,5.1
12/10/2024,5:00 PM,4.1
12/10/2024,6:00 PM,3.4
12/10/2024,7:00 PM,4.3
12/10/2024,8:00 PM,4.3
12/10/2024,9:00 PM,4.9
12/10/2024,10:00 PM,4.8
12/10/2024,11:00 PM,4.6
12/10/2024,24:00 AM,3.6
12/11/2024,1:00 AM,3.7
12/11/2024,2:00 AM,4.7
12/11/2024,3:00 AM,5.8
12/11/2024,4:00 AM,4.8
12/11/2024,5:00 AM,3.4
12/11/2024,6:00 AM,3.3
12/11/2024,7:00 AM,2.8
12/11/2024,8:00 AM,2.8
12/11/2024,9:00 AM,2.1
12/11/2024,10:00 AM,1.5
12/11/2024,11:00 AM,1.5
12/11/2024,12:00 PM,1.8
12/11/2024,1:00 PM,2.1
12/11/2024,2:00 PM,2.2
12/11/2024,3:00 PM,3.0
12/11/2024,4:00 PM,4.2
12/11/2024,5:00 PM,2.8
12/11/2024,6:00 PM,2.5
12/11/2024,7:00 PM,3.6
12/11/2024,8:00 PM,4.3
12/11/2024,9:00 PM,5.6
12/11/2024,10:00 PM,6.5
12/11/2024,11:00 PM,6.1
12/11/2024,24:00 AM,6.2
12/12/2024,1:00 AM,6.2
12/12/2024,2:00 AM,9.3
12/12/2024,3:00 AM,8.8
12/12/2024,4:00 AM,9.6
12/12/2024,5:00 AM,9.3
12/12/2024,6:00 AM,8.8
12/12/2024,7:00 AM,8.3
12/12/2024,8:00 AM,8.8
12/12/2024,9:00 AM,7.6
12/12/2024,10:00 AM,8.4
12/12/2024,11:00 AM,7.3
12/12/2024,12:00 PM,9.0
12/12/2024,1:00 PM,10.2
12/12/2024,2:00 PM,11.2
12/12/2024,3:00 PM,10.7
12/12/2024,4:00 PM,12.0
12/12/2024,5:00 PM,11.9
12/12/2024,6:00 PM,13.7
12/12/2024,7:00 PM,13.7
12/12/2024,8:00 PM,12.5
12/12/2024,9:00 PM,10.8
12/12/2024,10:00 PM,10.0
12/12/2024,11:00 PM,9.7
12/12/2024,24:00 AM,7.5
12/13/2024,1:00 AM,6.5
12/13/2024,2:00 AM,6.2
12/13/2024,3:00 AM,4.4
12/13/2024,4:00 AM,4.0
12/13/2024,5:00 AM,4.3
12/13/2024,6:00 AM,4.5
12/13/2024,7:00 AM,4.8
12/13/2024,8:00 AM,4.3
12/13/2024,9:00 AM,4.0
12/13/2024,10:00 AM,3.9
12/13/2024,11:00 AM,4.0
12/13/2024,12:00 PM,3.7
12/13/2024,1:00 PM,3.6
12/13/2024,2:00 PM,3.9
12/13/2024,3:00 PM,3.9
12/13/2024,4:00 PM,3.9
12/13/2024,5:00 PM,4.4
12/13/2024,6:00 PM,4.8
12/13/2024,7:00 PM,5.1
12/13/2024,8:00 PM,5.7
12/13/2024,9:00 PM,5.3
12/13/2024,10:00 PM,5.7
12/13/2024,11:00 PM,5.5
12/13/2024,24:00 AM,4.9
12/14/2024,1:00 AM,4.6
12/14/2024,2:00 AM,4.4
12/14/2024,3:00 AM,4.4
12/14/2024,4:00 AM,5.9
12/14/2024,5:00 AM,7.5
12/14/2024,6:00 AM,7.7
12/14/2024,7:00 AM,8.0
12/14/2024,8:00 AM,6.1
12/14/2024,9:00 AM,3.4
12/14/2024,10:00 AM,2.0
12/14/2024,11:00 AM,1.8
12/14/2024,12:00 PM,1.9
12/14/2024,1:00 PM,2.1
12/14/2024,2:00 PM,2.1
12/14/2024,3:00 PM,2.4
12/14/2024,4:00 PM,2.2
12/14/2024,5:00 PM,2.1
12/14/2024,6:00 PM,2.5
12/14/2024,7:00 PM,2.4
12/14/2024,8:00 PM,2.3
12/14/2024,9:00 PM,2.1
12/14/2024,10:00 PM,1.7
12/14/2024,11:00 PM,1.6
12/14/2024,24:00 AM,1.4
12/15/2024,1:00 AM,1.6
12/15/2024,2:00 AM,1.9
12/15/2024,3:00 AM,1.8
12/15/2024,4:00 AM,1.7
12/15/2024,5:00 AM,1.4
12/15/2024,6:00 AM,1.5
12/15/2024,7:00 AM,1.4
12/15/2024,8:00 AM,1.4
12/15/2024,9:00 AM,1.3
12/15/2024,10:00 AM,1.4
12/15/2024,11:00 AM,1.3
12/15/2024,12:00 PM,1.2
12/15/2024,1:00 PM,1.3
12/15/2024,2:00 PM,1.3
12/15/2024,3:00 PM,1.3
12/15/2024,4:00 PM,1.4
12/15/2024,5:00 PM,1.2
12/15/2024,6:00 PM,1.1
12/15/2024,7:00 PM,1.0
12/15/2024,8:00 PM,0.8
12/15/2024,9:00 PM,0.7
12/15/2024,10:00 PM,0.6
12/15/2024,11:00 PM,0.5
12/15/2024,24:00 AM,0.5
12/16/2024,1:00 AM,0.5
12/16/2024,2:00 AM,0.5
12/16/2024,3:00 AM,0.4
12/16/2024,4:00 AM,0.4
12/16/2024,5:00 AM,0.3
12/16/2024,6:00 AM,0.2
12/16/2024,7:00 AM,0.0
12/16/2024,8:00 AM,0.0
12/16/2024,9:00 AM,0.1
12/16/2024,10:00 AM,0.1
12/16/2024,11:00 AM,0.1
12/16/2024,12:00 PM,0.0
12/16/2024,1:00 PM,0.1
12/16/2024,2:00 PM,0.3
12/16/2024,3:00 PM,0.4
12/16/2024,4:00 PM,0.4
12/16/2024,5:00 PM,0.4
12/16/2024,6:00 PM,0.5
12/16/2024,7:00 PM,0.6
12/16/2024,8:00 PM,0.6
12/16/2024,9:00 PM,0.7
12/16/2024,10:00 PM,0.5
12/16/2024,11:00 PM,0.5
12/16/2024,24:00 AM,0.4
12/17/2024,1:00 AM,0.3
12/17/2024,2:00 AM,0.4
12/17/2024,3:00 AM,1.3
12/17/2024,4:00 AM,2.3
12/17/2024,5:00 AM,2.2
12/17/2024,6:00 AM,2.1
12/17/2024,7:00 AM,2.1
12/17/2024,8:00 AM,1.9
12/17/2024,9:00 AM,2.0
12/17/2024,10:00 AM,2.2
12/17/2024,11:00 AM,3.1
12/17/2024,12:00 PM,2.8
12/17/2024,1:00 PM,8.0
12/17/2024,2:00 PM,17.2
12/17/2024,3:00 PM,7.0
12/17/2024,4:00 PM,4.8
12/17/2024,5:00 PM,4.5
12/17/2024,6:00 PM,5.1
12/17/2024,7:00 PM,
12/17/2024,8:00 PM,7.9
12/17/2024,9:00 PM,8.0
12/17/2024,10:00 PM,7.5
12/17/2024,11:00 PM,8.1
12/17/2024,24:00 AM,7.5
12/18/2024,1:00 AM,5.2
12/18/2024,2:00 AM,4.9
12/18/2024,3:00 AM,5.2
12/18/2024,4:00 AM,5.2
12/18/2024,5:00 AM,4.4
12/18/2024,6:00 AM,5.0
12/18/2024,7:00 AM,3.8
12/18/2024,8:00 AM,3.4
12/18/2024,9:00 AM,2.1
12/18/2024,10:00 AM,1.6
12/18/2024,11:00 AM,1.5
12/18/2024,12:00 PM,1.8
12/18/2024,1:00 PM,2.1
12/18/2024,2:00 PM,2.2
12/18/2024,3:00 PM,3.0
12/18/2024,4:00 PM,3.6
12/18/2024,5:00 PM,5.3
12/18/2024,6:00 PM,
12/18/2024,7:00 PM,6.9
12/18/2024,8:00 PM,6.8
12/18/2024,9:00 PM,
12/18/2024,10:00 PM,
12/18/2024,11:00 PM,4.4
12/18/2024,24:00 AM,3.7
12/19/2024,1:00 AM,3.6
12/19/2024,2:00 AM,3.0
12/19/2024,3:00 AM,3.4
12/19/2024,4:00 AM,2.8
12/19/2024,5:00 AM,3.7
12/19/2024,6:00 AM,4.1
12/19/2024,7:00 AM,3.3
12/19/2024,8:00 AM,2.4
12/19/2024,9:00 AM,2.1
12/19/2024,10:00 AM,2.9
12/19/2024,11:00 AM,3.2
12/19/2024,12:00 PM,3.2
12/19/2024,1:00 PM,3.4
12/19/2024,2:00 PM,4.6
12/19/2024,3:00 PM,6.7
12/19/2024,4:00 PM,7.6
12/19/2024,5:00 PM,7.1
12/19/2024,6:00 PM,
12/19/2024,7:00 PM,8.8
12/19/2024,8:00 PM,10.8
12/19/2024,9:00 PM,12.6
12/19/2024,10:00 PM,12.6
12/19/2024,11:00 PM,11.8
12/19/2024,24:00 AM,11.1
12/20/2024,1:00 AM,
12/20/2024,2:00 AM,
12/20/2024,3:00 AM,
12/20/2024,4:00 AM,
12/20/2024,5:00 AM,
12/20/2024,6:00 AM,
12/20/2024,7:00 AM,
12/20/2024,8:00 AM,
12/20/2024,9:00 AM,
12/20/2024,10:00 AM,
12/20/2024,11:00 AM,11.3
12/20/2024,12:00 PM,10.0
12/20/2024,1:00 PM,11.1
12/20/2024,2:00 PM,
12/20/2024,3:00 PM,
12/20/2024,4:00 PM,
12/20/2024,5:00 PM,
12/20/2024,6:00 PM,17.7
12/20/2024,7:00 PM,18.4
12/20/2024,8:00 PM,17.6
12/20/2024,9:00 PM,15.6
12/20/2024,10:00 PM,14.2
12/20/2024,11:00 PM,14.7
12/20/2024,24:00 AM,13.7
12/21/2024,1:00 AM,
12/21/2024,2:00 AM,
12/21/2024,3:00 AM,
12/21/2024,4:00 AM,
12/21/2024,5:00 AM,
12/21/2024,6:00 AM,
12/21/2024,7:00 AM,
12/21/2024,8:00 AM,
12/21/2024,9:00 AM,
12/21/2024,10:00 AM,
12/21/2024,11:00 AM,25.0
12/21/2024,12:00 PM,
12/21/2024,1:00 PM,
12/21/2024,2:00 PM,
12/21/2024,3:00 PM,
12/21/2024,4:00 PM,
12/21/2024,5:00 PM,23.6
12/21/2024,6:00 PM,23.5
12/21/2024,7:00 PM,24.1
12/21/2024,8:00 PM,
12/21/2024,9:00 PM,
12/21/2024,10:00 PM,
12/21/2024,11:00 PM,
12/21/2024,24:00 AM,
12/22/2024,1:00 AM,
12/22/2024,2:00 AM,
12/22/2024,3:00 AM,
12/22/2024,4:00 AM,
12/22/2024,5:00 AM,
12/22/2024,6:00 AM,
12/22/2024,7:00 AM,
12/22/2024,8:00 AM,
12/22/2024,9:00 AM,
12/22/2024,10:00 AM,
12/22/2024,11:00 AM,
12/22/2024,12:00 PM,
12/22/2024,1:00 PM,
12/22/2024,2:00 PM,
12/22/2024,3:00 PM,
12/22/2024,4:00 PM,
12/22/2024,5:00 PM,14.1
12/22/2024,6:00 PM,12.5
12/22/2024,7:00 PM,10.9
12/22/2024,8:00 PM,11.1
12/22/2024,9:00 PM,10.6
12/22/2024,10:00 PM,9.6
12/22/2024,11:00 PM,9.3
12/22/2024,24:00 AM,9.2
12/23/2024,1:00 AM,9.7
12/23/2024,2:00 AM,10.0
12/23/2024,3:00 AM,10.4
12/23/2024,4:00 AM,10.8
12/23/2024,5:00 AM,10.4
12/23/2024,6:00 AM,10.1
12/23/2024,7:00 AM,9.6
12/23/2024,8:00 AM,9.4
12/23/2024,9:00 AM,10.0
12/23/2024,10:00 AM,11.2
12/23/2024,11:00 AM,10.6
12/23/2024,12:00 PM,10.1
12/23/2024,1:00 PM,9.2
12/23/2024,2:00 PM,5.6
12/23/2024,3:00 PM,3.8
12/23/2024,4:00 PM,3.8
12/23/2024,5:00 PM,4.1
12/23/2024,6:00 PM,4.4
12/23/2024,7:00 PM,4.8
12/23/2024,8:00 PM,4.4
12/23/2024,9:00 PM,3.9
12/23/2024,10:00 PM,3.8
12/23/2024,11:00 PM,3.8
12/23/2024,24:00 AM,3.6
12/24/2024,1:00 AM,3.5
12/24/2024,2:00 AM,3.5
12/24/2024,3:00 AM,3.1
12/24/2024,4:00 AM,3.0
12/24/2024,5:00 AM,3.3
12/24/2024,6:00 AM,3.3
12/24/2024,7:00 AM,3.3
12/24/2024,8:00 AM,3.0
12/24/2024,9:00 AM,4.0
12/24/2024,10:00 AM,5.1
12/24/2024,11:00 AM,4.3
12/24/2024,12:00 PM,4.4
12/24/2024,1:00 PM,4.5
12/24/2024,2:00 PM,4.6
12/24/2024,3:00 PM,4.5
12/24/2024,4:00 PM,4.7
12/24/2024,5:00 PM,4.3
12/24/2024,6:00 PM,4.3
12/24/2024,7:00 PM,4.5
12/24/2024,8:00 PM,4.3
12/24/2024,9:00 PM,3.7
12/24/2024,10:00 PM,3.8
12/24/2024,11:00 PM,3.3
12/24/2024,24:00 AM,3.3
12/25/2024,1:00 AM,2.9
12/25/2024,2:00 AM,2.5
12/25/2024,3:00 AM,1.9
12/25/2024,4:00 AM,2.6
12/25/2024,5:00 AM,2.9
12/25/2024,6:00 AM,2.8
12/25/2024,7:00 AM,2.6
12/25/2024,8:00 AM,2.8
12/25/2024,9:00 AM,2.8
12/25/2024,10:00 AM,3.1
12/25/2024,11:00 AM,2.9
12/25/2024,12:00 PM,3.4
12/25/2024,1:00 PM,2.7
12/25/2024,2:00 PM,2.1
12/25/2024,3:00 PM,2.1
12/25/2024,4:00 PM,2.0
12/25/2024,5:00 PM,2.0
12/25/2024,6:00 PM,2.0
12/25/2024,7:00 PM,2.0
12/25/2024,8:00 PM,2.0
12/25/2024,9:00 PM,2.1
12/25/2024,10:00 PM,2.1
12/25/2024,11:00 PM,2.2
12/25/2024,24:00 AM,2.3
12/26/2024,1:00 AM,2.2
12/26/2024,2:00 AM,2.2
12/26/2024,3:00 AM,2.1
12/26/2024,4:00 AM,2.0
12/26/2024,5:00 AM,2.0
12/26/2024,6:00 AM,2.2
12/26/2024,7:00 AM,2.0
12/26/2024,8:00 AM,1.9
12/26/2024,9:00 AM,1.9
12/26/2024,10:00 AM,1.9
12/26/2024,11:00 AM,2.0
12/26/2024,12:00 PM,2.0
12/26/2024,1:00 PM,2.0
12/26/2024,2:00 PM,2.1
12/26/2024,3:00 PM,2.1
12/26/2024,4:00 PM,2.4
12/26/2024,5:00 PM,2.8
12/26/2024,6:00 PM,3.4
12/26/2024,7:00 PM,3.5
12/26/2024,8:00 PM,3.6
12/26/2024,9:00 PM,3.5
12/26/2024,10:00 PM,3.1
12/26/2024,11:00 PM,2.7
12/26/2024,24:00 AM,2.7
12/27/2024,1:00 AM,3.2
12/27/2024,2:00 AM,4.0
12/27/2024,3:00 AM,3.7
12/27/2024,4:00 AM,3.7
12/27/2024,5:00 AM,3.3
12/27/2024,6:00 AM,3.3
12/27/2024,7:00 AM,3.3
12/27/2024,8:00 AM,2.7
12/27/2024,9:00 AM,3.4
12/27/2024,10:00 AM,4.5
12/27/2024,11:00 AM,3.8
12/27/2024,12:00 PM,3.0
12/27/2024,1:00 PM,2.6
12/27/2024,2:00 PM,3.5
12/27/2024,3:00 PM,3.5
12/27/2024,4:00 PM,3.8
12/27/2024,5:00 PM,4.2
12/27/2024,6:00 PM,3.4
12/27/2024,7:00 PM,3.6
12/27/2024,8:00 PM,3.0
12/27/2024,9:00 PM,2.5
12/27/2024,10:00 PM,2.8
12/27/2024,11:00 PM,2.7
12/27/2024,24:00 AM,2.6
12/28/2024,1:00 AM,3.6
12/28/2024,2:00 AM,4.2
12/28/2024,3:00 AM,3.9
12/28/2024,4:00 AM,4.0
12/28/2024,5:00 AM,3.2
12/28/2024,6:00 AM,2.8
12/28/2024,7:00 AM,1.9
12/28/2024,8:00 AM,1.6
12/28/2024,9:00 AM,1.6
12/28/2024,10:00 AM,1.5
12/28/2024,11:00 AM,1.5
12/28/2024,12:00 PM,1.6
12/28/2024,1:00 PM,1.7
12/28/2024,2:00 PM,1.7
12/28/2024,3:00 PM,1.7
12/28/2024,4:00 PM,1.7
12/28/2024,5:00 PM,1.8
12/28/2024,6:00 PM,1.8
12/28/2024,7:00 PM,1.8
12/28/2024,8:00 PM,1.8
12/28/2024,9:00 PM,1.9
12/28/2024,10:00 PM,1.7
12/28/2024,11:00 PM,1.7
12/28/2024,24:00 AM,1.6
12/29/2024,1:00 AM,1.6
12/29/2024,2:00 AM,1.7
12/29/2024,3:00 AM,1.5
12/29/2024,4:00 AM,1.5
12/29/2024,5:00 AM,1.3
12/29/2024,6:00 AM,1.3
12/29/2024,7:00 AM,1.2
12/29/2024,8:00 AM,1.2
12/29/2024,9:00 AM,1.1
12/29/2024,10:00 AM,1.1
12/29/2024,11:00 AM,1.1
12/29/2024,12:00 PM,1.1
12/29/2024,1:00 PM,1.0
12/29/2024,2:00 PM,1.1
12/29/2024,3:00 PM,1.0
12/29/2024,4:00 PM,1.0
12/29/2024,5:00 PM,1.0
12/29/2024,6:00 PM,1.0
12/29/2024,7:00 PM,1.0
12/29/2024,8:00 PM,1.1
12/29/2024,9:00 PM,1.2
12/29/2024,10:00 PM,1.3
12/29/2024,11:00 PM,1.3
12/29/2024,24:00 AM,1.4
12/30/2024,1:00 AM,2.9
12/30/2024,2:00 AM,4.7
12/30/2024,3:00 AM,5.2
12/30/2024,4:00 AM,5.6
12/30/2024,5:00 AM,5.6
12/30/2024,6:00 AM,5.6
12/30/2024,7:00 AM,5.4
12/30/2024,8:00 AM,5.2
12/30/2024,9:00 AM,5.9
12/30/2024,10:00 AM,6.5
12/30/2024,11:00 AM,6.5
12/30/2024,12:00 PM,6.2
12/30/2024,1:00 PM,5.6
12/30/2024,2:00 PM,5.8
12/30/2024,3:00 PM,6.1
12/30/2024,4:00 PM,5.5
12/30/2024,5:00 PM,4.8
12/30/2024,6:00 PM,6.5
12/30/2024,7:00 PM,7.9
12/30/2024,8:00 PM,7.7
12/30/2024,9:00 PM,5.7
12/30/2024,10:00 PM,5.0
12/30/2024,11:00 PM,5.5
12/30/2024,24:00 AM,5.5
12/31/2024,1:00 AM,6.7
12/31/2024,2:00 AM,7.4
12/31/2024,3:00 AM,7.7
12/31/2024,4:00 AM,7.3
12/31/2024,5:00 AM,7.0
12/31/2024,6:00 AM,5.9
12/31/2024,7:00 AM,5.1
12/31/2024,8:00 AM,4.5
12/31/2024,9:00 AM,4.4
12/31/2024,10:00 AM,4.3
12/31/2024,11:00 AM,4.1
12/31/2024,12:00 PM,3.9
12/31/2024,1:00 PM,3.6
12/31/2024,2:00 PM,3.2
12/31/2024,3:00 PM,3.2
12/31/2024,4:00 PM,3.3
12/31/2024,5:00 PM,4.1
12/31/2024,6:00 PM,4.5
12/31/2024,7:00 PM,4.1
12/31/2024,8:00 PM,4.0
12/31/2024,9:00 PM,3.8
12/31/2024,10:00 PM,3.4
12/31/2024,11:00 PM,2.9
12/31/2024,24:00 AM,2.7
